%time,field.layout.data_offset,field.data0,field.data1,field.data2,field.data3,field.data4,field.data5,field.data6,field.data7
27195000000,0,26824.0,15.7552421758,21.3137580251,-74.0700150866,-184.820740471,9.62820575693,-5.55851584925,110.750725385
27196000000,0,26825.0,15.6749602018,21.3981396748,-74.1600151053,84.8334108947,-37.7384124247,-5.72317947302,-158.993426
27197000000,0,26826.0,15.5945235222,21.2039351571,-74.2500151241,-201.44050703,12.4086558156,-5.6094116349,127.190491906
27198000000,0,26827.0,15.5139329309,21.3620382935,-74.3400151428,157.965239323,-50.7517744005,-5.84810536257,-232.305254466
27199000000,0,26828.0,15.4331892234,21.2075422194,-74.4300151615,-155.481601214,4.06802236417,-5.77435299601,81.0515860524
27200000000,0,26829.0,15.3522931966,21.35776518,-74.5200151802,150.141086428,-49.6922748287,-6.00547198343,-224.661101608
27201000000,0,26830.0,15.2712456488,21.2071318553,-74.610015199,-151.621480215,3.08095978948,-5.93588620652,77.0114650164
27202000000,0,26831.0,15.19004738,21.3641051054,-74.7000152177,156.676775932,-51.1586210909,-6.17405772536,-231.37679115
27203000000,0,26832.0,15.1086991915,21.2056322225,-74.7900152364,-164.239985192,4.97080831483,-6.09693303097,89.4499699557
27204000000,0,26833.0,15.0272018863,21.3521761125,-74.8800152551,144.759067665,-49.3734038932,-6.32497422612,-219.63908292
27205000000,0,26834.0,14.9455562687,21.1545727575,-74.9700152739,-227.94160592,15.8617977839,-6.20901648883,152.971590647
27206000000,0,26835.0,14.8637631445,21.2600689924,-75.0600152926,104.221944513,-42.454255749,-6.3963058479,-179.281959805
27207000000,0,26836.0,14.7818233209,21.0721055675,-75.1500153113,-192.723195126,9.54177540481,-6.29028224654,117.573179815
27208000000,0,26837.0,14.6997376067,21.1774186706,-75.24001533,104.881186843,-42.7427576592,-6.4776810639,-180.121202173
27209000000,0,26838.0,14.617506812,21.0075703227,-75.3300153488,-172.371352551,5.7841424765,-6.3900635107,97.0413372023
27210000000,0,26839.0,14.5351317485,21.1412527344,-75.4200153675,133.248706518,-47.9494086515,-6.6061209859,-208.668721885
27211000000,0,26840.0,14.452613229,20.9580340737,-75.5100153862,-205.076896965,11.2595832117,-6.50542084464,129.566881579
27212000000,0,26841.0,14.3699520681,21.0581386125,-75.6000154049,99.4800785081,-42.2303197678,-6.68818654441,-175.080093913
27213000000,0,26842.0,14.2871490816,20.8907061567,-75.6900154236,-174.541573111,5.72746900164,-6.60355707513,98.8515576871
27214000000,0,26843.0,14.2042050867,21.0225634885,-75.7800154424,130.971191296,-47.985163287,-6.81835840187,-206.751206739
27215000000,0,26844.0,14.121120902,20.8385476103,-75.8700154611,-209.538535311,11.6054340299,-6.7174267083,133.66851985
27216000000,0,26845.0,14.0378973475,20.9478670996,-75.9600154798,107.835978973,-44.1386157078,-6.90996975212,-183.795994453
27217000000,0,26846.0,13.9545352447,20.7698485604,-76.0500154985,-186.768958229,7.42913371272,-6.81531331571,110.71894273
27218000000,0,26847.0,13.8710354162,20.8654732004,-76.1400155173,94.9667256124,-42.0713481641,-6.99443778424,-171.10674113
27219000000,0,26848.0,13.7873986862,20.6991873155,-76.230015536,-168.936250275,4.1169425983,-6.91178862932,92.7062347386
27220000000,0,26849.0,13.7036258802,20.8275716039,-76.3200155547,127.697219827,-48.0413457489,-7.12394572377,-204.017235382
27221000000,0,26850.0,13.6197178249,20.676104543,-76.4100155734,-157.921312962,1.91068661987,-7.05638671815,81.5112973881
27222000000,0,26851.0,13.5356753484,20.8089858327,-76.5000155922,131.166566858,-48.9389674668,-7.2733104843,-207.66658245
27223000000,0,26852.0,13.4514992804,20.6305204562,-76.5900156109,-209.15603083,10.6073765525,-7.17902117587,132.566015219
27224000000,0,26853.0,13.3671904514,20.7367770867,-76.6800156296,105.138694409,-44.5956971708,-7.36958663521,-181.818710039
27225000000,0,26854.0,13.2827496937,20.5671295254,-76.7700156483,-179.586287043,5.23118231336,-7.28437983169,102.816271394
27226000000,0,26855.0,13.1981778406,20.6646824309,-76.8600156671,96.8701015463,-43.3531254047,-7.46650459029,-173.730117213
27227000000,0,26856.0,13.1134757269,20.509303861,-76.9500156858,-157.310845409,1.1174552653,-7.39582813417,80.3608297233
27228000000,0,26857.0,13.0286441884,20.6375278141,-77.0400157045,127.498362751,-48.9786784846,-7.60888362566,-204.538378456
27229000000,0,26858.0,12.9436840624,20.4972446428,-77.1300157232,-146.704356577,-1.04043679311,-7.55356058033,69.5743408536
27230000000,0,26859.0,12.8585961876,20.6297974864,-77.220015742,130.814594387,-49.8721836229,-7.77120129887,-208.034610129
27231000000,0,26860.0,12.7733814035,20.4599531555,-77.3100157607,-200.482158562,8.08199417858,-7.68657175196,123.172142802
27232000000,0,26861.0,12.6880405514,20.5640214048,-77.4000157794,102.886424643,-45.2120901862,-7.8759808534,-180.286440423
27233000000,0,26862.0,12.6025744734,20.4024813609,-77.4900157981,-171.949727785,2.87292359536,-7.79990688748,94.4597119871
27234000000,0,26863.0,12.5169840131,20.4934843309,-77.5800158168,90.2875315497,-43.2200244294,-7.97650031777,-167.867547367
27235000000,0,26864.0,12.4312700152,20.3428351833,-77.6700158356,-152.353109968,-0.773627074188,-7.9115651681,74.683094132
27236000000,0,26865.0,12.3454333257,20.4658224885,-77.7600158543,122.244847068,-49.0801763124,-8.12038916276,-200.004862922
27237000000,0,26866.0,12.2594747918,20.328548236,-77.850015873,-143.999400136,-2.53794385513,-8.0690734442,66.1493842628
27238000000,0,26867.0,12.1733952617,20.4572388149,-77.9400158917,126.942496189,-50.2167681805,-8.28384355312,-204.88251208
27239000000,0,26868.0,12.0871955852,20.291523714,-78.0300159105,-196.162723895,6.29879189973,-8.20432812881,118.132707985
27240000000,0,26869.0,12.000876613,20.3905081055,-78.1200159292,99.7412476282,-45.6853063611,-8.38963149251,-177.861263557
27241000000,0,26870.0,11.9144391969,20.2316499048,-78.2100159479,-168.896820792,1.31156190999,-8.31721070791,90.6868048438
27242000000,0,26871.0,11.8278841902,20.3182134646,-78.3000159666,85.8639966664,-43.4704363353,-8.49032927442,-164.164012633
27243000000,0,26872.0,11.741212447,20.1723157614,-78.3900159854,-147.593553857,-2.6367547938,-8.43110331443,69.2035378717
27244000000,0,26873.0,11.6544248227,20.2901525817,-78.4800160041,117.113860489,-49.2097494476,-8.63572775893,-195.593876493
27245000000,0,26874.0,11.567522174,20.1595876887,-78.5700160228,-136.888783611,-4.81743717439,-8.59206551466,58.3187675881
27246000000,0,26875.0,11.4805053585,20.2840343568,-78.6600160415,122.706499324,-50.5101331372,-8.80352899828,-201.366515366
27247000000,0,26876.0,11.3933752351,20.1241117299,-78.7500160603,-190.332320176,4.23677526054,-8.73073649476,111.582304115
27248000000,0,26877.0,11.3061326637,20.2163678119,-78.840016079,94.1489560194,-45.7435558572,-8.91023514822,-172.988972098
27249000000,0,26878.0,11.2187785053,20.0621944595,-78.9300160977,-164.010018773,-0.585410687904,-8.84341595425,85.0800026748
27250000000,0,26879.0,11.1313136221,20.1434421962,-79.0200161164,80.546365709,-43.5787099403,-9.01212857411,-159.566381825
27251000000,0,26880.0,11.0437388773,20.0058139053,-79.1100161352,-140.322926342,-4.95810239505,-8.96207502803,61.2129102073
27252000000,0,26881.0,10.9560551352,20.1202697952,-79.2000161539,113.741390935,-49.6691897554,-9.16421465994,-192.941407089
27253000000,0,26882.0,10.8682632613,19.9927630334,-79.2900161726,-133.861789865,-6.40068373439,-9.12449977202,54.5717736926
27254000000,0,26883.0,10.7803641221,20.1134806511,-79.3800161913,118.964400428,-50.906981929,-9.33311652901,-198.344416619
27255000000,0,26884.0,10.692358585,19.9592103196,-79.4700162101,-184.797281713,2.20936788554,-9.2668517346,105.327265503
27256000000,0,26885.0,10.6042475187,20.0464492651,-79.5600162288,91.3781318575,-46.3140762895,-9.44220174639,-170.938148086
27257000000,0,26886.0,10.5160317927,19.8970514602,-79.6500162475,-159.215698346,-2.48613627996,-9.38101966757,79.5656820986
27258000000,0,26887.0,10.4277122777,19.974460685,-79.7400162662,76.6911714616,-43.9646028968,-9.54674840734,-156.431187728
27259000000,0,26888.0,10.3392898454,19.8401542699,-79.8300162849,-136.909437071,-6.61989694368,-9.50086442454,57.079420786
27260000000,0,26889.0,10.2507653685,19.9501872277,-79.9200163037,109.312983334,-49.9560632764,-9.69942185927,-189.232999638
27261000000,0,26890.0,10.1621397207,19.8297847866,-80.0100163224,-126.334433632,-8.78808584187,-9.66764506592,46.32441731
27262000000,0,26891.0,10.0734137766,19.9467836547,-80.1000163411,115.287110923,-51.333757452,-9.87336987809,-195.387127264
27263000000,0,26892.0,9.98458841205,19.8002576068,-80.1900163598,-176.989581175,-0.236863318967,-9.81566919472,96.7995648151
27264000000,0,26893.0,9.89566450362,19.8830739048,-80.2800163786,88.6762351564,-46.9197368292,-9.98740940115,-168.956251535
27265000000,0,26894.0,9.80664292898,19.7599123131,-80.3700163973,-130.682068758,-8.59062075061,-9.95326938412,50.3120523604
27266000000,0,26895.0,9.71752456674,19.8760849276,-80.460016416,114.863414746,-51.8203915758,-10.1585603609,-195.323431162
27267000000,0,26896.0,9.62831029645,19.7362973717,-80.5500164347,-167.192899706,-2.51972913185,-10.1079870752,86.6428832716
27268000000,0,26897.0,9.53900099862,19.8197297726,-80.6400164535,83.3458470154,-46.5641794161,-10.2807287739,-163.985863469
27271000000,0,26898.0,9.44959755471,19.685994473,-80.7300164722,-142.720325725,-7.04653150258,-10.2363969183,61.990309253
27272000000,0,26899.0,9.36010084708,19.7580488265,-80.8200164909,71.343695587,-44.7054112466,-10.3979479794,-152.163712078
27272000000,0,26900.0,9.27051175904,19.6292899502,-80.9100165096,-131.693398833,-9.21610440625,-10.3587781912,50.7833823229
27272000000,0,26901.0,9.18083117478,19.7278881929,-81.0000165284,97.9100945478,-49.6337818441,-10.5470570181,-178.910111076
27273000000,0,26902.0,9.09105997944,19.6157972434,-81.0900165471,-119.029956429,-11.7473606829,-10.524737264,37.939939882
27274000000,0,26903.0,9.00119905899,19.7276765816,-81.1800165658,110.126243105,-52.110465259,-10.7264775226,-191.30625967
27275000000,0,26904.0,8.91124930035,19.6147939892,-81.2700165845,-111.826063286,-13.3481706552,-10.7035446889,30.5560467014
27276000000,0,26905.0,8.82121159128,19.7341690816,-81.3600166033,117.882924062,-53.8211459962,-10.9129574903,-199.242940666
27277000000,0,26906.0,8.73108682041,19.5880859386,-81.450016622,-177.12261843,-2.25101862669,-10.8569991182,95.6726018075
27278000000,0,26907.0,8.64087587723,19.6702521311,-81.5400166407,81.1844741131,-47.6506644666,-11.0293762539,-162.724490754
27279000000,0,26908.0,8.5505796521,19.5322652179,-81.6300166594,-143.599958448,-8.350860102,-10.9816855658,61.9699417886
27280000000,0,26909.0,8.4601990362,19.6059275732,-81.7200166782,73.1996306094,-46.49153559,-11.145728537,-154.919647288
27281000000,0,26910.0,8.36973492155,19.4897354609,-81.8100166969,-119.531927735,-12.8243440779,-11.1200005393,37.7219110381
27282000000,0,26911.0,8.279188201,19.5878409252,-81.9000167156,97.6687342738,-51.0779711582,-11.3086527242,-179.568750989
27283000000,0,26912.0,8.1885597682,19.4842950592,-81.9900167343,-109.309281763,-14.9466628769,-11.295735291,27.3192650289
27284000000,0,26913.0,8.09785051763,19.5932794228,-82.080016753,107.231853283,-53.1044517367,-11.4954289052,-189.311870036
27285000000,0,26914.0,8.00706134453,19.4572150731,-82.1700167718,-166.045383928,-5.34527394835,-11.4501537286,83.8753671558
27286000000,0,26915.0,7.91619314498,19.5298944272,-82.2600167905,77.8453544059,-48.2133813164,-11.6137012823,-160.105371196
27287000000,0,26916.0,7.82524681579,19.3956826195,-82.3500168092,-141.941890005,-9.79347408204,-11.5704358037,59.5918731961
27288000000,0,26917.0,7.73422325458,19.4573479033,-82.4400168279,61.0294290261,-45.5008449696,-11.7231246487,-143.469445854
27289000000,0,26918.0,7.6431233597,19.3417400123,-82.5300168467,-119.363531007,-13.9892739695,-11.6986166526,36.8335141603
27290000000,0,26919.0,7.55194803029,19.4314892849,-82.6200168654,89.1581307656,-50.7146428924,-11.8795412546,-171.778147631
27291000000,0,26920.0,7.46069816619,19.3319585585,-82.7100168841,-105.184744787,-16.7966745225,-11.8712603923,22.4747279025
27292000000,0,26921.0,7.36937466802,19.4368003871,-82.8000169028,103.136109209,-53.5135959612,-12.0674257191,-185.936126112
27293000000,0,26922.0,7.2779784371,19.3398598655,-82.8900169216,-96.4007981519,-18.693874432,-12.0618814284,13.5107812303
27294000000,0,26923.0,7.18651037546,19.4516766209,-82.9800169403,110.357893587,-55.1505730311,-12.2651662454,-193.337910527
27295000000,0,26924.0,7.09497138587,19.3187401236,-83.070016959,-164.51909891,-7.11895313876,-12.2237687378,81.4490819514
27296000000,0,26925.0,7.00336237178,19.3955735093,-83.1600169777,75.7457186818,-49.3627612011,-12.3922111375,-158.90573566
27297000000,0,26926.0,6.91168423732,19.2695777705,-83.2500169965,-130.973700826,-13.2392361822,-12.3578935332,47.7236838294
27298000000,0,26927.0,6.81993788734,19.3358154377,-83.3400170152,65.80482032,-47.8750019815,-12.5158775504,-149.144837335
27299000000,0,26928.0,6.72812422732,19.2345432822,-83.4300170339,-104.892536291,-18.0818989842,-12.5064190549,21.462519257
27300000000,0,26929.0,6.63624416343,19.3245342553,-83.5200170526,89.5859835834,-52.3579296229,-12.6882900919,-173.106000636
27301000000,0,26930.0,6.54429860249,19.2337698179,-83.6100170714,-97.1137165291,-19.7904610199,-12.6894712154,13.5036994578
27302000000,0,26931.0,6.45228845196,19.3332832092,-83.7000170901,97.7809642141,-54.1559722128,-12.8809947572,-181.480981304
27303000000,0,26932.0,6.36021461995,19.2126096826,-83.7900171088,-150.671739831,-10.7585961137,-12.8523950627,66.8817227225
27304000000,0,26933.0,6.26807801519,19.2778416747,-83.8800171275,65.2613862342,-48.7363963341,-13.0097636595,-149.141403362
27305000000,0,26934.0,6.17587954704,19.1862362358,-83.9700171463,-98.3383898263,-20.1995977911,-13.0103566887,14.36837268
27306000000,0,26935.0,6.08362012544,19.2840751294,-84.060017165,96.6545295603,-54.5797673691,-13.200455004,-180.714546725
27307000000,0,26936.0,5.99130066097,19.1724543218,-84.1500171837,-139.437497522,-13.3559646102,-13.1811536608,55.2874803383
27308000000,0,26937.0,5.89892206478,19.2381200204,-84.2400172024,64.5026257152,-49.2417707159,-13.3391979556,-148.742642918
27309000000,0,26938.0,5.80648524861,19.1498580505,-84.3300172211,-96.9692344,-21.0826149388,-13.3433728019,12.6392171788
27310000000,0,26939.0,5.71399112478,19.2437815594,-84.4200172399,92.6516000761,-54.5187550166,-13.5297904347,-177.071617316
27311000000,0,26940.0,5.62144060616,19.1420907165,-84.5100172586,-130.201606746,-15.623296123,-13.5206501103,45.691589487
27312000000,0,26941.0,5.52883460619,19.2045526972,-84.6000172773,60.8531655061,-49.2549900498,-13.675718091,-145.453182783
27313000000,0,26942.0,5.43617403886,19.1206381156,-84.690017296,-95.5895340982,-21.9815663271,-13.6844640767,10.8995168022
27314000000,0,26943.0,5.34345981868,19.2092922136,-84.7800173148,87.4123400422,-54.2536674215,-13.8658323949,-172.192357357
27315000000,0,26944.0,5.25069286071,19.1358604562,-84.8700173335,-77.5546196409,-25.5109616241,-13.8851675955,-7.31539769261
27316000000,0,26945.0,5.15787408052,19.2172700957,-84.9600173522,79.9292553981,-53.3168711454,-14.0593960151,-164.88927275
27317000000,0,26946.0,5.0650043942,19.1059298623,-85.0500173709,-142.158841438,-14.5386648007,-14.0409254681,57.1088240674
27318000000,0,26947.0,4.97208471833,19.1666069985,-85.1400173897,60.4911749806,-50.1915425163,-14.1945222802,-145.63119237
27319000000,0,26948.0,4.87911596999,19.0638934618,-85.2300174084,-111.723282087,-20.1331559185,-14.1847774918,26.4932646785
27320000000,0,26949.0,4.78609906675,19.1153787295,-85.3200174271,50.7662929174,-48.7608426351,-14.3292796628,-136.086310345
27321000000,0,26950.0,4.69303492664,19.0246877809,-85.4100174458,-94.3493203688,-23.4532453882,-14.3316528542,8.93930292297
27322000000,0,26951.0,4.59992446817,19.1024942643,-85.5000174646,77.0784617551,-53.6870456776,-14.5025697961,-162.57847922
27324000000,0,26952.0,4.5067686103,19.0316660063,-85.5900174833,-78.0660773861,-26.6638980344,-14.524897396,-7.52394009718
27325000000,0,26953.0,4.41356827245,19.0985384997,-85.680017502,65.2637029743,-51.9747463645,-14.6849702273,-150.943720476
27325000000,0,26954.0,4.32032437446,19.018312425,-85.7700175207,-80.409429788,-26.5884220162,-14.6979880505,-5.3605877327
27326000000,0,26955.0,4.22703783661,19.088627036,-85.8600175395,68.9268322351,-52.9537570176,-14.8615891993,-154.786849775
27327000000,0,26956.0,4.1337095796,18.9769459082,-85.9500175582,-142.621742256,-16.0152493391,-14.8432363286,56.6717246979
27328000000,0,26957.0,4.04034052455,19.0342910566,-86.0400175769,58.1710770695,-51.3389539806,-14.993950532,-144.211094646
27329000000,0,26958.0,3.94693159297,18.9327214927,-86.1300175956,-109.982729753,-21.9920492741,-14.9857898997,23.8527121573
27330000000,0,26959.0,3.85348370677,18.9809132814,-86.2200176144,47.523577095,-49.7449958062,-15.1274295746,-133.743594709
27331000000,0,26960.0,3.75999778824,18.8986619346,-86.3100176331,-88.3333865735,-26.0688034473,-15.1386641464,2.02336894044
27331000000,0,26961.0,3.66647476005,18.9473363536,-86.4000176518,47.9947600029,-50.1264379819,-15.2808615935,-134.394777655
27331000000,0,26962.0,3.57291554524,18.869927604,-86.4900176705,-83.7368243537,-27.1788398432,-15.2970120588,-2.75319331681
27334000000,0,26963.0,3.47932106719,18.922456214,-86.5800176892,50.8509481744,-50.9395734017,-15.4431351468,-137.430965864
27335000000,0,26964.0,3.38569224964,18.8437236735,-86.670017708,-80.069057996,-28.1314333774,-15.4580314239,-6.60095971194
27336000000,0,26965.0,3.29203001668,18.902689314,-86.7600177267,57.5116159765,-52.4258796612,-15.6106592973,-144.271633703
27337000000,0,26966.0,3.19833529272,18.7881921649,-86.8500177454,-145.970846325,-16.8908985671,-15.5898568722,59.12082858
27338000000,0,26967.0,3.10460900247,18.8387255095,-86.9400177641,54.2580691051,-52.1049180877,-15.734116507,-141.198086869
27339000000,0,26968.0,3.01085207099,18.7353576642,-87.0300177829,-109.794160745,-23.471342241,-15.7245055932,22.7641429624
27340000000,0,26969.0,2.91706542361,18.7743618673,-87.1200178016,38.4083783179,-49.5850311951,-15.8572964437,-125.528396119
27341000000,0,26970.0,2.82324998598,18.6906600494,-87.2100178203,-89.6946308668,-27.2602024827,-15.8674100634,2.48461304649
27342000000,0,26971.0,2.72940668401,18.7262996236,-87.300017839,35.1378782646,-49.2892790964,-15.9968929396,-122.437896104
27343000000,0,26972.0,2.63553644389,18.6466596337,-87.3900178578,-86.4348628258,-28.1113818138,-16.0111231898,-0.955155031979
27344000000,0,26973.0,2.5416401921,18.6883018551,-87.4800178765,39.9299027962,-50.4184565877,-16.146661663,-127.409920673
27345000000,0,26974.0,2.44771885534,18.581379382,-87.5700178952,-138.039256075,-19.3500018612,-16.1336605267,50.4692381795
27346000000,0,26975.0,2.35377336059,18.6167867958,-87.6600179139,34.0335161141,-49.6238312219,-16.2630134352,-121.693534028
27347000000,0,26976.0,2.25980463504,18.5432665301,-87.7500179327,-81.6292063741,-29.4882793803,-16.2834618951,-6.1208115586
27348000000,0,26977.0,2.16581360613,18.5873267585,-87.8400179514,42.7291499779,-51.4495553826,-16.4215131524,-130.569167929
27349000000,0,26978.0,2.07180120152,18.4912106194,-87.9300179701,-126.284453537,-21.9631591543,-16.4194094179,38.3544355665
27350000000,0,26979.0,1.97776834907,18.5271877776,-88.0200179888,34.1656817688,-50.2096029825,-16.5494194285,-122.185699758
27351000000,0,26980.0,1.88371597684,18.4600780764,-88.1100180076,-76.4364977337,-30.968616862,-16.5763620996,-11.6735202739
27352000000,0,26981.0,1.78964501309,18.4988421415,-88.2000180263,37.3009988804,-51.0670994975,-16.7091971284,-125.501016907
27353000000,0,26982.0,1.69555638627,18.43109719,-88.290018045,-71.6715760603,-32.1094875244,-16.7355408038,-16.6184419847
27354000000,0,26983.0,1.60145102499,18.4776128511,-88.3800180637,44.9974514874,-52.7332078421,-16.8761618261,-133.377469551
27355000000,0,26984.0,1.50732985804,18.3787724682,-88.4700180824,-130.173246931,-22.1676311778,-16.8714426101,41.7032288482
27356000000,0,26985.0,1.41319381435,18.4186407575,-88.5600181012,38.9147258503,-51.9286331406,-17.0054469431,-127.474743951
27358000000,0,26986.0,1.31904382301,18.3301697159,-88.6500181199,-95.2619358739,-28.5360123467,-17.0111258929,6.61191775405
27358000000,0,26987.0,1.22488081324,18.3606055531,-88.7400181386,29.8266188077,-50.6012530926,-17.1357247399,-118.566636946
27359000000,0,26988.0,1.13070571439,18.2853425647,-88.8300181573,-77.9536789276,-31.8387621796,-17.1546368503,-10.8763392297
27360000000,0,26989.0,1.03651945593,18.3092052027,-88.9200181761,23.1761231261,-49.7109807973,-17.2726857468,-112.096141302
27361000000,0,26990.0,0.942322967446,18.2397971086,-89.0100181948,-78.1482900786,-32.0855101098,-17.2974741411,-10.8617281162
27362000000,0,26991.0,0.848117178612,18.271085806,-89.1000182135,29.5095362275,-51.110078662,-17.4229686274,-118.609554441
27363000000,0,26992.0,0.753903019203,18.2054455985,-89.1900182322,-68.272247213,-34.1095204244,-17.4515425793,-20.9177710192
27364000000,0,26993.0,0.659681419075,18.2473735485,-89.280018251,40.4701884489,-53.3419855716,-17.5876921294,-129.7502067
27365000000,0,26994.0,0.565453308159,18.191879126,-89.3700182697,-57.2053977641,-36.3776943245,-17.6264258178,-32.1646205056
27366000000,0,26995.0,0.471219616446,18.20392695,-89.4600182884,9.54298746521,-48.2286869903,-17.7327073335,-99.0030057536
27367000000,0,26996.0,0.376981273986,18.1060260159,-89.5500183071,-116.184759183,-26.2943756906,-17.7290447419,26.6347408756
27368000000,0,26997.0,0.282739210873,18.1456784638,-89.6400183259,38.490801886,-53.5397461259,-17.8629392529,-128.130820212
27369000000,0,26998.0,0.188494357238,18.0888684062,-89.7300183446,-63.3643389328,-35.8437181449,-17.900374049,-26.3656794118
27370000000,0,26999.0,0.0942476432404,18.1216202009,-89.8200183633,31.7449337886,-52.6807764023,-18.0273725576,-121.564952152
27371000000,0,27000.0,-9.4367938871e-10,18.0317933964,-89.910018382,-119.962100064,-26.2263333017,-18.0317933973,30.052081682
27372000000,0,27001.0,-0.0942476451278,18.0558111047,-89.8200183633,21.6252052854,-51.1286787074,-18.1500587499,-111.445223649
27373000000,0,27002.0,-0.188494359126,17.9914560049,-89.7300183446,-72.0147168773,-34.8218953115,-18.179950364,-17.7153014673
27374000000,0,27003.0,-0.282739212761,18.008238679,-89.6400183259,14.7459948952,-50.1425645676,-18.2909778918,-104.386013221
27375000000,0,27004.0,-0.376981275874,17.9195064096,-89.5500183071,-119.06598714,-26.7818812139,-18.2964876855,29.5159688327
27376000000,0,27005.0,-0.471219618333,17.9330654182,-89.4600182884,8.80529929699,-49.2720601093,-18.4042850365,-98.2653175854
27377000000,0,27006.0,-0.565453310046,17.8691942504,-89.3700182697,-73.8094760943,-34.8903493222,-18.4346475604,-15.5605421754
27378000000,0,27007.0,-0.659681420962,17.8838696241,-89.280018251,12.5156906373,-50.1312944902,-18.543551045,-101.795708888
27379000000,0,27008.0,-0.75390302109,17.8273186589,-89.1900182322,-62.0184146591,-37.1726814563,-18.58122168,-27.1716035732
27380000000,0,27009.0,-0.848117180499,17.8549051612,-89.1000182135,25.8330080055,-52.7025182972,-18.7030223417,-114.933026219
27381000000,0,27010.0,-0.942322969333,17.7683561184,-89.0100181948,-117.816019465,-27.6286941234,-18.7106790877,28.8060012705
27382000000,0,27011.0,-1.03651945782,17.7970549438,-88.9200181761,27.1880434476,-53.1354569026,-18.8335744016,-116.108061624
27383000000,0,27012.0,-1.13070571628,17.7477967425,-88.8300181573,-57.955960834,-38.3377341366,-18.8785024587,-30.8740573234
27384000000,0,27013.0,-1.22488081513,17.7738677371,-88.7400181386,24.4250970161,-52.9100991703,-18.9987485522,-113.165115155
27385000000,0,27014.0,-1.3190438249,17.7229244568,-88.6500181199,-54.7963399805,-39.1430775885,-19.0419682817,-33.8536781394
27386000000,0,27015.0,-1.41319381624,17.7536646453,-88.5600181012,29.2333038628,-54.0112805563,-19.1668584615,-117.793321964
27387000000,0,27016.0,-1.50732985993,17.6699295811,-88.4700180824,-114.649515201,-28.9014416504,-19.177259441,26.1794971186
27388000000,0,27017.0,-1.60145102688,17.7027201464,-88.3800180637,31.6518727357,-54.6416402848,-19.3041711733,-120.031890799
27389000000,0,27018.0,-1.69555638816,17.6564722168,-88.290018045,-54.4087973328,-39.6890419127,-19.3520286049,-33.8812207122
27390000000,0,27019.0,-1.78964501497,17.6810456752,-88.2000180263,23.0363073277,-53.3971561615,-19.4706906901,-111.236325354
27391000000,0,27020.0,-1.88371597872,17.6078967916,-88.1100180076,-103.613616307,-31.3133870597,-19.4916127703,15.5035982996
27392000000,0,27021.0,-1.97776835095,17.6324992923,-88.0200179888,22.2940404899,-53.479797948,-19.6102676433,-110.314058479
27393000000,0,27022.0,-2.0718012034,17.5815763072,-87.9300179701,-61.1087868007,-38.982794493,-19.6533775106,-26.8212311694
27394000000,0,27023.0,-2.16581360801,17.5924859389,-87.8400179514,8.14313974665,-51.2369487922,-19.7582995469,-95.983157698
27395000000,0,27024.0,-2.25980463692,17.542916194,-87.7500179327,-54.5644264731,-40.3542378918,-19.8027208309,-33.1855914596
27396000000,0,27025.0,-2.35377336247,17.5650392601,-87.6600179139,20.1494929806,-53.5811844887,-19.9188126226,-107.809510895
27397000000,0,27026.0,-2.44771885722,17.4865892012,-87.5700178952,-108.673143173,-31.108734315,-19.9343080584,21.1031252781
27398000000,0,27027.0,-2.54164019398,17.5121549029,-87.4800178765,24.0440276463,-54.4650817602,-20.0537950969,-111.524045523
27399000000,0,27028.0,-2.63553644577,17.4675745222,-87.3900178578,-53.20982209,-41.0521086391,-20.103110968,-34.1801957678
27400000000,0,27029.0,-2.72940668589,17.4819065143,-87.300017839,12.1935522478,-52.6402890238,-20.2113132002,-99.4935700868
27401000000,0,27030.0,-2.82324998786,17.4377042134,-87.2100178203,-48.0077151636,-42.2041198177,-20.2609542013,-39.2023026568
27401000000,0,27031.0,-2.91706542549,17.4602595398,-87.1200178016,20.7380894828,-54.3899209947,-20.3773249653,-107.858107284
27403000000,0,27032.0,-3.01085207287,17.3847752874,-87.0300177829,-105.964799854,-32.2923354235,-20.3956273602,18.9347820709
27404000000,0,27033.0,-3.10460900435,17.4111619582,-86.9400177641,24.9992864444,-55.3438578825,-20.5157709625,-111.939304209
27405000000,0,27034.0,-3.1983352946,17.3691099333,-86.8500177454,-50.2263628355,-42.2889886201,-20.5674452279,-36.6236549099
27406000000,0,27035.0,-3.29203001856,17.3761120392,-86.7600177267,2.71968378684,-51.6898562151,-20.6681420577,-89.4797015135
27407000000,0,27036.0,-3.38569225152,17.3352895026,-86.670017708,-44.5391233729,-43.5181547614,-20.7209817541,-42.1308943351
27408000000,0,27037.0,-3.47932106906,17.3545653875,-86.5800176892,17.4051182133,-54.510810071,-20.8338864565,-103.985135902
27409000000,0,27038.0,-3.57291554711,17.2746254986,-86.4900176705,-109.807885885,-32.3160807472,-20.8475410457,23.3178682142
27411000000,0,27039.0,-3.66647476193,17.2976875682,-86.4000176518,21.6200577125,-55.4424139575,-20.9641623301,-108.020075364
27411000000,0,27040.0,-3.75999779012,17.2263920649,-86.3100176331,-75.526501063,-38.5102307869,-20.9863898551,-10.78351657
27412000000,0,27041.0,-3.85348370864,17.204282476,-86.2200176144,-22.4852780559,-47.8765358753,-21.0577661847,-63.7347395584
27414000000,0,27042.0,-3.94693159484,17.1259229421,-86.1300175956,-80.4364978266,-37.772768248,-21.072854537,-5.69351976903
27414000000,0,27043.0,-4.04034052642,17.1123872358,-86.0400175769,-13.8263896411,-49.5221199429,-21.1527277622,-72.2136279358
27415000000,0,27044.0,-4.13370958147,17.0495407333,-85.9500175582,-73.0226163475,-39.2279954141,-21.1832503148,-12.9274012107
27416000000,0,27045.0,-4.22703783848,17.045528118,-85.8600175395,-5.59376955165,-51.1367240463,-21.2725659565,-80.2662479878
27417000000,0,27046.0,-4.32032437632,16.9885180458,-85.7700175207,-61.4412693319,-41.4371049726,-21.3088424221,-24.3287481889
27418000000,0,27047.0,-4.41356827431,16.987189623,-85.680017502,-1.2236916095,-52.0917675452,-21.4007578973,-84.4563258925
27419000000,0,27048.0,-4.50676861217,16.9471790139,-85.5900174833,-43.1093470454,-44.8584687059,-21.4539476261,-42.4806704379
27420000000,0,27049.0,-4.59992447003,16.9620484092,-85.5000174646,12.5841784074,-54.7516522275,-21.5619728792,-98.084195872
27421000000,0,27050.0,-4.6930349285,16.8865487605,-85.4100174458,-105.931103563,-34.0818663794,-21.579583689,20.5210861172
27422000000,0,27051.0,-4.78609906861,16.9145572267,-85.3200174271,27.3194049108,-57.5340661235,-21.7006562953,-112.639422338
27423000000,0,27052.0,-4.87911597186,16.8475483974,-85.2300174084,-71.2968183361,-40.3519764685,-21.7266643693,-13.9331990723
27424000000,0,27053.0,-4.97208472019,16.8259170187,-85.1400173897,-21.9833152898,-49.0676038251,-21.7980017389,-63.1567020999
27425000000,0,27054.0,-5.06500439606,16.756567846,-85.0500173709,-72.1830838914,-40.3315235064,-21.8215722421,-12.8669334795
27426000000,0,27055.0,-5.15787408238,16.7405725708,-84.9600173522,-16.2380950947,-50.2142271873,-21.8984466532,-68.7219222575
27427000000,0,27056.0,-5.25069286257,16.6790802823,-84.8700173335,-70.9837821426,-40.6982713401,-21.9297731448,-13.8862351909
27428000000,0,27057.0,-5.34345982054,16.6725702869,-84.7800173148,-8.01424322194,-51.8233656854,-22.0160301074,-76.7657740928
27429000000,0,27058.0,-5.43617404071,16.6218997381,-84.690017296,-55.7834902358,-43.5437330749,-22.0580737788,-28.9065270603
27430000000,0,27059.0,-5.52883460805,16.620959649,-84.6000172773,-0.820979741272,-53.2808732493,-22.1497942571,-83.779037536
27431000000,0,27060.0,-5.62144060801,16.579714399,-84.5100172586,-44.6832914794,-45.6993907057,-22.2011550071,-39.8267257792
27432000000,0,27061.0,-5.71399112663,16.5731208725,-84.4200172399,-7.67322261345,-52.2931802011,-22.2871119991,-76.7467946264
27433000000,0,27062.0,-5.80648525046,16.4881618991,-84.3300172211,-99.6691899265,-36.2343016122,-22.2946471495,15.3391727054
27434000000,0,27063.0,-5.89892206663,16.4988379085,-84.2400172024,8.44201107732,-55.2675196747,-22.3977599751,-92.6820282797
27435000000,0,27064.0,-5.99130066282,16.4576591758,-84.1500171837,-46.1832382699,-45.8072697375,-22.4489598386,-37.9667789138
27436000000,0,27065.0,-6.08362012729,16.4576266432,-84.060017165,-0.52726583446,-53.9211015867,-22.5412467705,-83.5327513305
27437000000,0,27066.0,-6.17587954888,16.4148479816,-83.9700171463,-48.5961420417,-45.6021539931,-22.5907275304,-35.3738751046
27438000000,0,27067.0,-6.26807801704,16.4032149418,-83.8800171275,-12.9438180023,-51.9495623097,-22.6712929589,-70.9361991252
27440000000,0,27068.0,-6.3602146218,16.3140200612,-83.7900171088,-97.8436599192,-37.1211739465,-22.674234683,14.0536428104
27440000000,0,27069.0,-6.4522884538,16.3135626373,-83.7000170901,-0.412737198286,-54.2702671566,-22.7658510911,-83.2872798918
27441000000,0,27070.0,-6.54429860433,16.2585126825,-83.6100170714,-58.448381446,-44.1899382417,-22.8028112869,-25.1616356253
27442000000,0,27071.0,-6.63624416527,16.2474314993,-83.5200170526,-11.4794466879,-52.5129890843,-22.8836756646,-72.0405703648
27443000000,0,27072.0,-6.72812422916,16.1958308712,-83.4300170339,-58.6076841644,-44.3421545488,-22.9239551003,-24.8223328695
27444000000,0,27073.0,-6.81993788917,16.1907568014,-83.3400170152,-6.46946955522,-53.5776689155,-23.0106946905,-76.87054746
27445000000,0,27074.0,-6.91168423916,16.1476520406,-83.2500169965,-47.9595877549,-46.4054663333,-23.0593362798,-35.2904292415
27446000000,0,27075.0,-7.00336237361,16.1329987795,-83.1600169777,-15.8328533369,-52.1313638752,-23.1363611531,-67.3271636409
27447000000,0,27076.0,-7.0949713877,16.0457817967,-83.070016959,-98.9735441577,-37.6125364978,-23.1407531844,15.9035271987
27449000000,0,27077.0,-7.18651037729,16.0448691615,-82.9800169403,-0.854756877616,-54.8799567274,-23.2313795388,-82.1252600627
27449000000,0,27078.0,-7.27797843893,16.0033915266,-82.8900169216,-46.0123467611,-47.0700138823,-23.2813699655,-36.8776701604
27450000000,0,27079.0,-7.36937466985,15.9976232251,-82.8000169028,-6.32234817269,-54.1309649317,-23.366997895,-76.4776687301
27451000000,0,27080.0,-7.46069816802,15.954408809,-82.7100168841,-49.4644621683,-46.6695053507,-23.4151069771,-33.2455547158
27452000000,0,27081.0,-7.55194803212,15.952177611,-82.6200168654,-3.56478915505,-54.8201667671,-23.5041256432,-79.0552277103
27453000000,0,27082.0,-7.64312336153,15.8807883214,-82.5300168467,-101.930791958,-37.670889313,-23.5239116829,19.4007751114
27454000000,0,27083.0,-7.7342232564,15.8797984964,-82.4400168279,-0.850730522302,-55.4542481892,-23.6140217528,-81.5892863056
27455000000,0,27084.0,-7.82524681761,15.8449999917,-82.3500168092,-41.3565082656,-48.4670810352,-23.6702468093,-40.9935085436
27456000000,0,27085.0,-7.9161931468,15.8406327158,-82.2600167905,-5.26623958077,-54.9014208492,-23.7568258626,-76.9937772097
27457000000,0,27086.0,-8.00706134635,15.8068850542,-82.1700167718,-39.3205832934,-49.0418040236,-23.8139464006,-42.8494334784
27460000000,0,27087.0,-8.09785051944,15.8068286001,-82.080016753,-0.629716458416,-55.9372832582,-23.9046791195,-81.4503002946
27460000000,0,27088.0,-8.18855977002,15.7387163707,-81.9900167343,-97.7080901761,-39.0176455153,-23.9272761407,15.7180734417
27460000000,0,27089.0,-8.27918820282,15.7374068545,-81.9000167156,-1.2117941478,-55.9996057504,-24.0165950573,-80.6882225678
27461000000,0,27090.0,-8.36973492337,15.7112495448,-81.8100166969,-32.7144365182,-50.5980313054,-24.0809844682,-49.0955801787
27462000000,0,27091.0,-8.46019903801,15.7112208447,-81.7200166782,-0.633289094253,-56.3393782226,-24.1714198828,-81.0867275839
27464000000,0,27092.0,-8.55057965391,15.6819657705,-81.6300166594,-34.4391722163,-50.5301159902,-24.2325454244,-47.1908444431
27464000000,0,27093.0,-8.64087587904,15.6819682629,-81.5400166407,-1.24002857055,-56.4663514364,-24.3228441419,-80.2999880702
27465000000,0,27094.0,-8.73108682221,15.6167012928,-81.450016622,-94.143739567,-40.2794258414,-24.347788115,12.693722945
27466000000,0,27095.0,-8.82121159308,15.6155224143,-81.3600166033,-1.08457819731,-56.6608419851,-24.4367340074,-80.2754384059
27467000000,0,27096.0,-8.91124930216,15.5933457889,-81.2700165845,-28.7887529487,-51.9282842779,-24.5045950911,-52.4812636358
27469000000,0,27097.0,-9.0011990608,15.5909217382,-81.1800165658,-3.32062142989,-56.5103640297,-24.592120799,-77.8593951359
27469000000,0,27098.0,-9.09105998123,15.5590485769,-81.0900165471,-36.885132463,-50.7377527029,-24.6501085581,-44.2048840841
27470000000,0,27099.0,-9.18083117658,15.5543374765,-81.0000165284,-5.91824550336,-56.2752428216,-24.7351686531,-75.081771025
27471000000,0,27100.0,-9.27051176083,15.4933491746,-80.9100165096,-89.0430433919,-41.8016012138,-24.7638609354,8.13302688227
27472000000,0,27101.0,-9.36010084887,15.4622587943,-80.8200164909,-32.3337063932,-51.7856371486,-24.8223596432,-48.4863100977
27475000000,0,27102.0,-9.4495975565,15.413688787,-80.7300164722,-54.362848792,-47.996549875,-24.8632863435,-26.3671676802
27475000000,0,27103.0,-9.53900100041,15.3966258987,-80.6400164535,-17.8370255084,-54.4820574301,-24.9356268991,-62.8029909451
27475000000,0,27104.0,-9.62831029823,15.3582942699,-80.5500164347,-43.9851210829,-49.9916196058,-24.9866045682,-36.5648953518
27476000000,0,27105.0,-9.71752456852,15.3468402574,-80.460016416,-12.7289889578,-55.566851902,-25.0643648259,-67.7310274582
27477000000,0,27106.0,-9.80664293077,15.3161466346,-80.3700163973,-35.2124992439,-51.7290023217,-25.1227895653,-45.1575171534
27478000000,0,27107.0,-9.8956645054,15.3098214276,-80.2800163786,-7.50721297873,-56.6931103672,-25.205485933,-72.7728033998
27482000000,0,27108.0,-9.98458841383,15.242101406,-80.1900163598,-95.8613748137,-41.2937030497,-25.2266898198,15.6713584539
27482000000,0,27109.0,-10.0734137784,15.2410029684,-80.1000163411,-1.02302907302,-57.9835178861,-25.3144167468,-79.0769872681
27482000000,0,27110.0,-10.1621397224,15.2236168883,-80.0100163224,-22.9393358894,-54.2672051058,-25.3857566107,-57.070680433
27482000000,0,27111.0,-10.2507653703,15.1981150982,-79.9200163037,-26.2329976258,-53.7868167372,-25.4488804685,-53.6870186779
27483000000,0,27112.0,-10.3392898472,15.1621702915,-79.8300162849,-42.9955867587,-50.9372544846,-25.5014601386,-36.8344295263
27484000000,0,27113.0,-10.4277122795,15.1424516676,-79.7400162662,-20.6187893443,-54.9469443598,-25.5701639471,-59.121226922
27485000000,0,27114.0,-10.5160317944,15.1083565769,-79.6500162475,-38.898413685,-51.8354802066,-25.6243883713,-40.7516025625
27486000000,0,27115.0,-10.6042475204,15.0947662008,-79.5600162288,-14.7404993695,-56.1663685974,-25.6990137212,-64.8195168593
27487000000,0,27116.0,-10.6923585868,15.0263505591,-79.4700162101,-96.1191820197,-41.9817790509,-25.7187091459,16.6491658097
27488000000,0,27117.0,-10.7803641239,15.0258758229,-79.3800161913,-0.356044998542,-58.8326580764,-25.8062399468,-79.0239711928
27489000000,0,27118.0,-10.8682632631,15.0005996941,-79.2900161726,-29.7569447675,-53.7948238899,-25.8688629572,-49.5330714051
27490000000,0,27119.0,-10.956055137,14.9815052322,-79.2000161539,-19.7110975662,-55.6523462376,-25.9375603691,-59.4889185877
27491000000,0,27120.0,-11.043738879,14.9479298642,-79.1100161352,-38.4100506042,-52.4674928897,-25.9916687432,-40.699965531
27492000000,0,27121.0,-11.1313136238,14.9136686333,-79.0200161164,-35.3824279893,-53.0732542639,-26.0449822571,-43.6375881271
27493000000,0,27122.0,-11.218778507,14.8773894718,-78.9300160977,-42.3879488114,-51.9241884322,-26.0961679788,-36.5420672863
27494000000,0,27123.0,-11.3061326654,14.8401597904,-78.840016079,-38.0356233696,-52.7555880995,-26.1462924559,-40.8043927093
27495000000,0,27124.0,-11.3933752369,14.7683734864,-78.7500160603,-78.9218790003,-45.6308600951,-26.1617487232,0.17186294
27496000000,0,27125.0,-11.4805053603,14.7075636822,-78.6600160415,-61.2320902564,-48.7485396787,-26.1880690425,-17.4279257851
27497000000,0,27126.0,-11.5675221758,14.6413051571,-78.5700160228,-68.3449657017,-47.5276310596,-26.2088273329,-10.2250503211
27498000000,0,27127.0,-11.6544248245,14.5890640415,-78.4800160041,-52.4407397184,-50.3482293777,-26.2434888659,-26.0392762857
27499000000,0,27128.0,-11.7412124487,14.5366994965,-78.3900159854,-59.27854505,-49.1991790908,-26.2779119452,-19.1114709353
27500000000,0,27129.0,-11.8278841919,14.4945768209,-78.3000159666,-43.258560705,-52.05723805,-26.3224610128,-35.0414552617
27501000000,0,27130.0,-11.9144391987,14.4560345133,-78.2100159479,-43.8259138875,-52.0263062476,-26.370473712,-34.3841020604
27502000000,0,27131.0,-12.0008766147,14.4295629078,-78.1200159292,-27.6480558206,-54.9388266503,-26.4304395225,-50.4719601086
27503000000,0,27132.0,-12.087195587,14.3978143357,-78.0300159105,-36.0449168071,-53.5528335772,-26.4850099226,-41.9850991033
27504000000,0,27133.0,-12.1733952635,14.3626062618,-77.9400158917,-36.2567005331,-53.5891595056,-26.5360015252,-41.6833153586
27505000000,0,27134.0,-12.2594747935,14.2901337386,-77.850015873,-82.1886085207,-45.5805716512,-26.5496085321,4.33859264768
27506000000,0,27135.0,-12.3454333274,14.2352776814,-77.7600158543,-55.3920879671,-50.2960218834,-26.5807110088,-22.3679278872
27507000000,0,27136.0,-12.4312700169,14.1779956738,-77.6700158356,-58.9738339376,-49.70501876,-26.6092656908,-18.696181898
27508000000,0,27137.0,-12.5169840148,14.1315237793,-77.5800158168,-46.6879779354,-51.9020871139,-26.6485077941,-30.8920378814
27509000000,0,27138.0,-12.6025744751,14.0866190814,-77.4900157981,-51.2848868879,-51.1550773877,-26.6891935565,-26.2051289102
27510000000,0,27139.0,-12.6880405531,14.0481998088,-77.4000157794,-39.5806382505,-53.2642578999,-26.7362403619,-37.8193775289
27511000000,0,27140.0,-12.7733814052,14.0110836845,-77.3100157607,-42.3619357701,-52.8472900565,-26.7844650897,-34.9480799906
27512000000,0,27141.0,-12.8585961893,13.967266347,-77.220015742,-44.9566920165,-52.4509639488,-26.8258625362,-32.2633237255
27513000000,0,27142.0,-12.9436840642,13.8888851864,-77.1300157232,-84.5282825102,-45.5404174009,-26.8325692505,7.39826678699
27514000000,0,27143.0,-13.0286441901,13.8249517671,-77.0400157045,-64.2814051401,-49.0951539547,-26.8535959572,-12.7586105644
27515000000,0,27144.0,-13.1134757286,13.7619710105,-76.9500156858,-63.5832587759,-49.239432294,-26.8754467391,-13.3667569099
27516000000,0,27145.0,-13.1981778423,13.706078732,-76.8600156671,-55.9767704348,-50.6015893531,-26.9042565744,-20.8832452323
27517000000,0,27146.0,-13.2827496954,13.6562416017,-76.7700156483,-55.9648181078,-50.648590979,-26.9389912971,-20.8051975405
27518000000,0,27147.0,-13.3671904531,13.6094917176,-76.6800156296,-47.8654727385,-52.1122681318,-26.9766821708,-28.8145428911
27519000000,0,27148.0,-13.4514992821,13.5719348736,-76.5900156109,-43.044352377,-53.0196018228,-27.0234341557,-33.5456632339
27520000000,0,27149.0,-13.5356753501,13.5208556123,-76.5000155922,-52.2048193533,-51.4628559076,-27.0565309625,-24.2951962388
27521000000,0,27150.0,-13.6197178265,13.4394657685,-76.4100155734,-87.6679326975,-45.2622980396,-27.059183595,11.257917124
27522000000,0,27151.0,-13.7036258818,13.3713798986,-76.3200155547,-68.4400386135,-48.6301048954,-27.0750057804,-7.87997694122
27523000000,0,27152.0,-13.7873986879,13.3085378999,-76.230015536,-63.4439337896,-49.5229126829,-27.0959365878,-12.7860817464
27524000000,0,27153.0,-13.8710354179,13.2512310695,-76.1400155173,-57.3931111323,-50.6092266127,-27.1222664874,-18.746904385
27525000000,0,27154.0,-13.9545352463,13.2036779151,-76.0500154985,-53.7745486091,-51.2878155888,-27.1582131614,-22.2754668895
27526000000,0,27155.0,-14.0378973492,13.1536810193,-75.9600154798,-51.1202212754,-51.7936083028,-27.1915783684,-24.8397942044
27529000000,0,27156.0,-14.1211209036,13.1140724079,-75.8700154611,-45.0933267718,-52.9059140685,-27.2351933115,-30.7766886893
27529000000,0,27157.0,-14.2042050883,13.0768260768,-75.7800154424,-38.3801094123,-54.1418854548,-27.2810311651,-37.3999060301
27529000000,0,27158.0,-14.2871490832,13.0112943532,-75.6900154236,-91.3343789968,-44.9143059821,-27.2984434365,15.6443635732
27530000000,0,27159.0,-14.3699520698,13.0021820758,-75.6000154049,-10.4096618578,-59.1512372071,-27.3721341456,-65.1903535472
27531000000,0,27160.0,-14.4526132307,12.975739843,-75.5100153862,-28.5057629411,-56.0752849635,-27.4283530737,-47.0042524451
27532000000,0,27161.0,-14.5351317501,12.943412399,-75.4200153675,-32.6521961508,-55.4234879675,-27.4785441491,-42.7678192167
27533000000,0,27162.0,-14.6175068137,12.9188633824,-75.3300153488,-29.9113765681,-55.9870686341,-27.5363701961,-45.4186387807
27534000000,0,27163.0,-14.6997376084,12.8863007923,-75.24001533,-33.6128941655,-55.4120114636,-27.5860384006,-41.6271211645
27535000000,0,27164.0,-14.7818233226,12.8245616287,-75.1500153113,-86.3990537414,-46.2188939988,-27.6063849513,11.2490384301
27536000000,0,27165.0,-14.8637631461,12.7650130011,-75.0600152926,-60.5886418751,-50.7470317832,-27.6287761473,-14.4713734175
27537000000,0,27166.0,-14.9455562704,12.7178123239,-74.9700152739,-48.3360642381,-52.9301767883,-27.6633685942,-26.6339510358
27538000000,0,27167.0,-15.027201888,12.6698124209,-74.8800152551,-48.2160438569,-52.9941391666,-27.6970143089,-26.6639713982
27539000000,0,27168.0,-15.1086991932,12.6349630816,-74.7900152364,-40.8859184535,-54.3391952084,-27.7436622747,-33.9040967829
27540000000,0,27169.0,-15.1900473816,12.5906375622,-74.7000152177,-45.3548266592,-53.6081325197,-27.7806849438,-29.3451885585
27541000000,0,27170.0,-15.2712456504,12.5640099866,-74.610015199,-31.8008251768,-56.0532873985,-27.835255637,-42.8091900222
27542000000,0,27171.0,-15.3522931982,12.5323989216,-74.5200151802,-32.705154551,-55.9660271385,-27.8846921198,-41.8148606293
27543000000,0,27172.0,-15.4331892251,12.4745772338,-74.4300151615,-83.0568995707,-47.2025559669,-27.9077664588,8.62688440916
27544000000,0,27173.0,-15.5139329326,12.4196817051,-74.3400151428,-55.7363156229,-52.0003020193,-27.9336146376,-18.6036995199
27545000000,0,27174.0,-15.5945235238,12.3782549439,-74.2500151241,-41.9412271384,-54.4606444658,-27.9727784677,-32.3087879856
27546000000,0,27175.0,-15.6749602034,12.3302892806,-74.1600151053,-48.1124151856,-53.4245338275,-28.005249484,-26.0475999198
27547000000,0,27176.0,-15.7552421774,12.2986328762,-74.0700150866,-37.6918405243,-55.3124264753,-28.0538750537,-36.3781745623
27548000000,0,27177.0,-15.8353686536,12.2547953376,-73.9800150679,-45.0164585669,-54.0816678962,-28.0901639912,-28.963556501
27549000000,0,27178.0,-15.9153388411,12.1950111751,-73.8900150492,-83.9919449192,-47.2986869565,-28.1103500162,10.10192987
27550000000,0,27179.0,-15.9951519506,12.1283958309,-73.8000150304,-67.659690866,-50.1565289162,-28.1235477815,-6.14032416443
27551000000,0,27180.0,-16.0748071945,12.0808465548,-73.7100150117,-47.9943449115,-53.6291060664,-28.1556537492,-25.7156701002
27552000000,0,27181.0,-16.1543037864,12.0249419424,-73.620014993,-56.0449467464,-52.249479071,-28.1792457288,-17.5750682466
27553000000,0,27182.0,-16.2336409419,11.9895233697,-73.5300149743,-41.3407675147,-54.8767863593,-28.2231643117,-32.1892474596
27554000000,0,27183.0,-16.312817878,11.9406445751,-73.4400149555,-49.8978788376,-53.4204612578,-28.2534624531,-23.5421361179
27555000000,0,27184.0,-16.3918338131,11.9136202189,-73.3500149368,-32.2032812094,-56.5837849409,-28.3054540319,-41.1467337274
27556000000,0,27185.0,-16.4706879674,11.8744260325,-73.2600149181,-40.2551189231,-55.2319861683,-28.3451139999,-33.004895995
27557000000,0,27186.0,-16.5493795627,11.8209821667,-73.1700148994,-77.4316510395,-48.7718162476,-28.3703617294,4.26163614012
27558000000,0,27187.0,-16.6279078222,11.759301153,-73.0800148807,-62.5714880892,-51.3790994382,-28.3872089752,-10.5085267914
27559000000,0,27188.0,-16.7062719711,11.7161241393,-72.9900148619,-43.6116182195,-54.7339254599,-28.4223961104,-29.3783966424
27560000000,0,27189.0,-16.7844712358,11.6611044203,-72.9000148432,-55.152915888,-52.7443374037,-28.4455756561,-17.7470989552
27561000000,0,27190.0,-16.8625048445,11.6312184433,-72.8100148245,-35.1902064049,-56.2968122491,-28.4937232878,-37.6198084196
27562000000,0,27191.0,-16.9403720271,11.5824802409,-72.7200148058,-49.675262071,-53.8038253255,-28.5228522681,-23.0447527348
27563000000,0,27192.0,-17.0180720151,11.5587077431,-72.630014787,-28.8880356047,-57.5102932557,-28.5767797582,-43.7419791823
27564000000,0,27193.0,-17.0956040416,11.5036402654,-72.5400147683,-56.0784389893,-52.7881736657,-28.599244307,-16.461575779
27565000000,0,27194.0,-17.1729673414,11.4793368477,-72.4500147496,-27.7411662911,-57.8108587148,-28.6523041891,-44.7088484585
27566000000,0,27195.0,-17.2501611509,11.4228632624,-72.3600147309,-56.9281869877,-52.7372193171,-28.6730244133,-15.4318277431
27567000000,0,27196.0,-17.3271847083,11.3597846334,-72.2700147121,-66.0188984749,-51.1592217024,-28.6869693417,-6.25111623725
27568000000,0,27197.0,-17.4040372533,11.277546282,-72.1800146934,-82.3989473146,-48.2752564915,-28.6815835353,10.2189326212
27569000000,0,27198.0,-17.4807180276,11.2106218571,-72.0900146747,-66.9695948208,-50.9695060312,-28.6913398847,-5.1204198539
27570000000,0,27199.0,-17.5572262742,11.1188674732,-72.000014656,-93.534876391,-46.2906732075,-28.6760937475,21.534861735
27571000000,0,27200.0,-17.6335612381,11.0899076965,-71.9100146372,-29.753300852,-57.4896331636,-28.7234689346,-42.1567137852
27572000000,0,27201.0,-17.7097221659,11.0035481338,-71.8200146185,-86.5048854416,-47.5511072208,-28.7132702997,14.684870823
27573000000,0,27202.0,-17.7857083058,10.9389395908,-71.7300145998,-69.6375813968,-50.4991562089,-28.7246478967,-2.092433203
27574000000,0,27203.0,-17.861518908,10.8480425848,-71.6400145811,-91.7169373574,-46.6035437286,-28.7095614928,20.0769227764
27575000000,0,27204.0,-17.9371532242,10.848405937,-71.5500145623,0.659195313431,-62.8431499908,-28.7855591612,-72.2092098758
27576000000,0,27205.0,-18.012610508,10.7989517335,-71.4600145436,-50.4394340991,-53.9544345451,-28.8115622414,-21.0205804445
27577000000,0,27206.0,-18.0878900145,10.7766968851,-71.3700145249,-26.742792989,-58.1671152795,-28.8645868996,-44.6272215359
27578000000,0,27207.0,-18.1629910009,10.7112110811,-71.2800145062,-66.2108862351,-51.2797086386,-28.874202082,-5.06912827105
27579000000,0,27208.0,-18.2379127259,10.633148495,-71.1900144874,-79.7473320388,-48.8959638483,-28.8710612209,8.55731755138
27580000000,0,27209.0,-18.3126544501,10.5562891947,-71.1000144687,-76.9636506473,-49.3624039732,-28.8689436447,5.86363617857
27581000000,0,27210.0,-18.3872154357,10.5028768985,-71.01001445,-53.4415475175,-53.4889880406,-28.8900923342,-17.5684669325
27582000000,0,27211.0,-18.461594947,10.3940575992,-70.9200144313,-110.485928198,-43.4570507654,-28.8556525462,39.5659137665
27583000000,0,27212.0,-18.5357922497,10.3647719777,-70.8300144126,-30.4308455118,-57.4919733083,-28.9005642274,-40.3991689007
27584000000,0,27213.0,-18.6098066117,10.2738628007,-70.7400143938,-91.0703996946,-46.8631817639,-28.8836694125,20.3303853008
27585000000,0,27214.0,-18.6836373024,10.2655145985,-70.6500143751,-14.0845298898,-60.3983285401,-28.9491519009,-56.5654844853
27586000000,0,27215.0,-18.7572835932,10.1871408999,-70.5600143564,-79.0663978573,-49.0328965537,-28.9444244931,8.50638350091
27587000000,0,27216.0,-18.8307447571,10.1466488408,-70.4700143377,-44.3292860373,-55.1374989991,-28.9773935979,-26.1407283003
27588000000,0,27217.0,-18.9040200692,10.0631109107,-70.3800143189,-84.1962888806,-48.1457762144,-28.9671309799,13.8162745616
27589000000,0,27218.0,-18.9771088062,9.97906273898,-70.2900143002,-85.1164497888,-47.9503420917,-28.9561715452,14.8264354886
27590000000,0,27219.0,-19.0500102469,9.8877067393,-70.2000142815,-91.4400621511,-46.7987465196,-28.9377169862,21.2400478696
27591000000,0,27220.0,-19.1227236716,9.88856798232,-70.1100142628,0.865409627072,-63.0217911991,-29.0112916539,-70.9754238898
27592000000,0,27221.0,-19.1952483627,9.77707268977,-70.020014244,-113.087418306,-43.0495504633,-28.9723210525,43.0674040616
27593000000,0,27222.0,-19.2675836045,9.75011876819,-69.9300142253,-27.6642723569,-58.0221962696,-29.0177023727,-42.2657418684
27594000000,0,27223.0,-19.3397286831,9.65325375516,-69.8400142066,-96.9809515901,-45.8653036158,-28.9929824382,27.1409373836
27595000000,0,27224.0,-19.4116828863,9.65393177402,-69.7500141879,-8.71542935534,-61.3815993529,-29.0656146603,-61.0345848325
27596000000,0,27225.0,-19.4834455041,9.57322895188,-69.6600141691,-81.4414189542,-48.6572107307,-29.0566744559,11.7814047851
27597000000,0,27226.0,-19.5550158281,9.49055760667,-69.5700141504,-100.268119113,-45.3362494675,-29.0455734347,30.6981049623
27598000000,0,27227.0,-19.626393152,9.44010713055,-69.4800141317,-51.1131524748,-53.9362240668,-29.0665002825,-18.3668616569
27599000000,0,27228.0,-19.6975767713,9.40561637784,-69.390014113,-34.7785766888,-56.8354779243,-29.1031931491,-34.6114374241
27602000000,0,27229.0,-19.7685659835,9.29919269021,-69.3000140942,-107.160824672,-44.1248423025,-29.0677586737,37.8608105782
27602000000,0,27230.0,-19.8393600879,9.29978997626,-69.2100140755,-4.24901072421,-62.1952319847,-29.1391500642,-64.9610033513
27603000000,0,27231.0,-19.9099583858,9.18294359399,-69.1200140568,-117.042724849,-42.4125931291,-29.0929019798,47.9227107923
27604000000,0,27232.0,-19.9803601805,9.18341289632,-69.0300140381,-7.09399392868,-61.710248176,-29.1637730769,-61.9360201094
27605000000,0,27233.0,-20.0505647772,9.10072042796,-68.9400140193,-83.5823034162,-48.3230191483,-29.1512852051,14.6422893969
27605000000,0,27234.0,-20.1205714828,9.07630923224,-68.8500140006,-28.4264074025,-58.0134082163,-29.196880715,-40.4236065981
27606000000,0,27235.0,-20.1903796065,8.98825910579,-68.7600139819,-88.8052349415,-47.4277707605,-29.1786387123,20.0452209596
27607000000,0,27236.0,-20.2599884593,8.91702237156,-68.6700139632,-71.4116041361,-50.4449822415,-29.1770108309,2.74159017289
27609000000,0,27237.0,-20.3293973542,8.81249141385,-68.5800139445,-105.073018163,-44.4929508932,-29.1418887681,36.4930042188
27609000000,0,27238.0,-20.3986056062,8.81365298321,-68.4900139257,0.0390902356713,-62.945581348,-29.2122585894,-68.5291041614
27610000000,0,27239.0,-20.4676125322,8.70121533464,-68.400013907,-112.6505929,-43.1860165443,-29.1688278668,44.2505789927
27611000000,0,27240.0,-20.536417451,8.70534427921,-68.3100138883,0.166166044691,-62.9878370136,-29.2417617303,-68.476179933
27612000000,0,27241.0,-20.6050196838,8.62398608415,-68.2200138696,-81.992263164,-48.6105177044,-29.2290057679,13.7722492945
27613000000,0,27242.0,-20.6734185533,8.6052059657,-68.1300138508,-22.2141343166,-59.1146603009,-29.278624519,-45.9158795342
27614000000,0,27243.0,-20.7416133845,8.51348363373,-68.0400138321,-92.3561390923,-46.815802385,-29.2550970183,24.3161252602
27615000000,0,27244.0,-20.8096035044,8.53348095377,-67.9500138134,19.8464906032,-66.5367105441,-29.3430844582,-87.7965044165
27616000000,0,27245.0,-20.8773882419,8.41542424357,-67.8600137947,-121.274737588,-41.8029658148,-29.2928124854,53.4147237937
27617000000,0,27246.0,-20.944966928,8.41553631877,-67.7700137759,0.184794688582,-63.1040835441,-29.3605032467,-67.9548084645
27618000000,0,27247.0,-21.0123388957,8.308560152,-67.6800137572,-107.170181295,-44.282279133,-29.3208990477,39.490167538
27619000000,0,27248.0,-21.0795034801,8.30896909014,-67.5900137385,0.413320938469,-63.1613686324,-29.3884725703,-68.003334677
27620000000,0,27249.0,-21.1464600184,8.18452139736,-67.5000137198,-126.39247108,-40.9135384875,-29.3309814157,58.89245736
27621000000,0,27250.0,-21.2132078496,8.17379540725,-67.410013701,-12.0056282494,-60.959873192,-29.3870032568,-55.4043854516
27622000000,0,27251.0,-21.279746315,8.05111345794,-67.3200136823,-122.855476359,-41.4992321608,-29.3308597729,55.5354626772
27624000000,0,27252.0,-21.3460747579,8.03903584512,-67.2300136636,-12.1247928026,-60.9043558284,-29.385110603,-55.105220861
27624000000,0,27253.0,-21.4121925237,7.90344608934,-67.1400136449,-136.398397898,-39.077565084,-29.315638613,69.258384253
27625000000,0,27254.0,-21.4780989597,7.89114794476,-67.0500136261,-13.3978808336,-60.6230567986,-29.3692469045,-53.6521327925
27626000000,0,27255.0,-21.5437934156,7.76618553935,-66.9600136074,-125.155468264,-40.9985321815,-29.309978955,58.1954546561
27627000000,0,27256.0,-21.609275243,7.75365470431,-66.8700135887,-12.572341839,-60.7246994099,-29.3629299473,-54.2976717497
27628000000,0,27257.0,-21.6745437955,7.61633191595,-66.78001357,-139.881483138,-38.3636008944,-29.2908757115,73.101469568
27629000000,0,27258.0,-21.7395984291,7.60323064639,-66.6900135512,-14.2166572411,-60.3712137336,-29.3428290755,-52.4733563101
27630000000,0,27259.0,-21.8044385016,7.47656767583,-66.6000135325,-126.845198888,-40.5902197354,-29.2810061774,60.2451853551
27631000000,0,27260.0,-21.869063373,7.46823042247,-66.5100135138,-8.37997096014,-61.3488306412,-29.3372937955,-58.1300425537
27632000000,0,27261.0,-21.9334724057,7.33302333669,-66.4200134951,-137.659804744,-38.6459739252,-29.2664957424,71.239791249
27633000000,0,27262.0,-21.9976649638,7.32535072714,-66.3300134764,-8.80049175811,-61.2191000167,-29.323015691,-57.5295217182
27634000000,0,27263.0,-22.0616404139,7.17246931769,-66.2400134576,-153.032483099,-35.8749957951,-29.2341097316,86.7924696418
27635000000,0,27264.0,-22.1253981245,7.14880488463,-66.1500134389,-23.7008752545,-58.5018829291,-29.2742030091,-42.4491381844
27637000000,0,27265.0,-22.1889374663,7.00591185058,-66.0600134202,-145.707221682,-37.0535565696,-29.1948493169,79.6472082622
27637000000,0,27266.0,-22.2522578123,6.9961391621,-65.9700134015,-10.8643516225,-60.6658225375,-29.2483969744,-55.105661779
27638000000,0,27267.0,-22.3153585374,6.86858028646,-65.8800133827,-127.750102202,-40.1372061835,-29.1839388239,61.8700888191
27639000000,0,27268.0,-22.378239019,6.86718616729,-65.790013364,-1.60996637301,-62.2444144559,-29.2454251863,-64.180046991
27640000000,0,27269.0,-22.4408986364,6.70041754853,-65.7000133453,-167.699692344,-33.0588823565,-29.141316185,101.999678999
27641000000,0,27270.0,-22.5033367712,6.68252603513,-65.6100133266,-18.7877519684,-59.1109540423,-29.1858628064,-46.8222613582
27642000000,0,27271.0,-22.5655528072,6.55195296743,-65.5200133078,-130.749509083,-39.4349316624,-29.1175057746,65.2294957754
27643000000,0,27272.0,-22.6275461303,6.54930904501,-65.4300132891,-2.76946036344,-61.8595355458,-29.1768551753,-62.6605529257
27644000000,0,27273.0,-22.6893161286,6.40958699014,-65.3400132704,-141.902892681,-37.4244157229,-29.0989031187,76.5628794105
27645000000,0,27274.0,-22.7508621925,6.40948059162,-65.2500132517,-0.0694728810907,-62.2705366812,-29.1603427841,-65.1805403706
27646000000,0,27275.0,-22.8121837146,6.25680874512,-65.1600132329,-152.864462746,-35.4276413688,-29.0689924597,87.7044495135
27647000000,0,27276.0,-22.8732800896,6.17824150835,-65.0700132142,-78.6019381419,-48.3426939613,-29.051521598,13.5319249277
27648000000,0,27277.0,-22.9341507146,5.99849612693,-64.9800131955,-182.618340241,-29.9652273014,-28.9326468416,117.638327045
27649000000,0,27278.0,-22.9947949888,5.94463575013,-64.8900131768,-54.6050867347,-52.3038824207,-28.939430739,-10.2849264421
27650000000,0,27279.0,-23.0552123137,5.77497420583,-64.800013158,-175.709718528,-30.9607661206,-28.8301865195,110.90970537
27651000000,0,27280.0,-23.1154020929,5.72136582853,-64.7100131393,-55.1291244971,-52.0018242883,-28.8367679215,-9.58088864219
27652000000,0,27281.0,-23.1753637325,5.5423570338,-64.6200131206,-184.99561106,-29.1123668164,-28.7177207663,120.375597939
27653000000,0,27282.0,-23.2350966405,5.48723817966,-64.5300131019,-56.6156328778,-51.5112403623,-28.7223348202,-7.9143802241
27654000000,0,27283.0,-23.2946002275,5.31366205505,-64.4400130832,-179.488527797,-29.8510769874,-28.6082622826,115.048514714
27655000000,0,27284.0,-23.3538739063,5.26754526425,-64.3500130644,-47.4564648883,-52.902269486,-28.6214191705,-16.8935481761
27656000000,0,27285.0,-23.4129170917,5.09821653632,-64.2600130457,-175.130004452,-30.4108452847,-28.511133628,110.869991407
27657000000,0,27286.0,-23.4717292011,5.06071435941,-64.170013027,-38.8175046182,-54.2233445498,-28.5324435605,-25.3525084088
27658000000,0,27287.0,-23.530309654,4.89382496701,-64.0800130083,-170.284890961,-31.0732191325,-28.424134621,106.204877953
27659000000,0,27288.0,-23.5886578722,4.84190029685,-63.9900129895,-53.2678224644,-51.4920493872,-28.430558169,-10.7221905252
27660000000,0,27289.0,-23.6467732799,4.66743382817,-63.9000129708,-188.527933362,-27.6659326496,-28.3142071081,124.627920391
27661000000,0,27290.0,-23.7046553035,4.57055900905,-63.8100129521,-97.9444290013,-43.3919701356,-28.2752143125,34.1344160492
27662000000,0,27291.0,-23.7623033717,4.45600117912,-63.7200129334,-113.490326643,-40.5636654954,-28.2183045508,49.7703137097
27663000000,0,27292.0,-23.8197169156,4.45553425448,-63.6300129146,-0.323186634431,-60.3987359848,-28.2752511701,-63.3068262802
27664000000,0,27293.0,-23.8768953685,4.31044948177,-63.5400128959,-145.324748651,-34.9220610699,-28.1873448502,81.7847357548
27665000000,0,27294.0,-23.933838166,4.30840536516,-63.4500128772,-2.09793256983,-59.9999593374,-28.2422435312,-61.3520803074
27666000000,0,27295.0,-23.9905447463,4.15605263358,-63.3600128585,-152.370541892,-33.5898047573,-28.1465973799,89.0105290333
27667000000,0,27296.0,-24.0470145496,4.14284587106,-63.2700128397,-13.2035785383,-57.9388171808,-28.1898604206,-50.0664343014
27668000000,0,27297.0,-24.1032470185,3.98688456109,-63.180012821,-160.126803985,-32.1061146082,-28.0901315796,96.946791164
27669000000,0,27298.0,-24.1592415981,3.93833712518,-63.0900128023,-49.3363017497,-51.4399907765,-28.0975787233,-13.7537110526
27670000000,0,27299.0,-24.2149977358,3.79367442364,-63.0000127836,-150.425769467,-33.6256747819,-28.0086721594,87.4257566839
27671000000,0,27300.0,-24.2705148812,3.79289095193,-62.9100127648,-0.664362816517,-59.8437860274,-28.0634058331,-62.2456499483
27672000000,0,27301.0,-24.3257924864,3.63892174896,-62.8200127461,-154.303448144,-32.8407553589,-27.9647142353,91.4834353984
27673000000,0,27302.0,-24.3808300059,3.61253330219,-62.7300127274,-26.4637142048,-55.1872875291,-27.993363308,-36.2662985226
27674000000,0,27303.0,-24.4356268964,3.4502946274,-62.6400127087,-168.056115906,-30.2715274023,-27.8859215238,105.416103197
27675000000,0,27304.0,-24.4901826171,3.43111962233,-62.5500126899,-20.4701407844,-56.0761770217,-27.9213022395,-42.0798719055
27676000000,0,27305.0,-24.5444966297,3.27505195721,-62.4600126712,-163.754781657,-30.874993164,-27.8195485869,101.294768986
27677000000,0,27306.0,-24.5985683979,3.2648133622,-62.3700126525,-11.958461489,-57.429238786,-27.8633817601,-50.4115511635
27678000000,0,27307.0,-24.6523973882,3.11656373528,-62.2800126338,-154.397283366,-32.3884766858,-27.7689611235,92.1172707323
27679000000,0,27308.0,-24.7059830693,3.1161896446,-62.1900126151,-2.16304489179,-59.0355218773,-27.8221727139,-60.0269677233
27680000000,0,27309.0,-24.7593249124,2.97452493412,-62.1000125963,-147.404573066,-33.516237963,-27.7338498465,85.30456047
27681000000,0,27310.0,-24.8124223909,2.97402292422,-62.0100125776,-0.368655047509,-59.2549299327,-27.7864453151,-61.6413575301
27682000000,0,27311.0,-24.8652749808,2.80856130826,-61.9200125589,-175.671201823,-28.4466222649,-27.673836289,113.751189264
27683000000,0,27312.0,-24.9178821604,2.80835270818,-61.8300125402,-1.46328381253,-58.9273782539,-27.7262348686,-60.3667287276
27684000000,0,27313.0,-24.9702434107,2.66914462743,-61.7400125214,-144.074881938,-33.8696797985,-27.6393880381,82.3348694166
27685000000,0,27314.0,-25.0223582147,2.66859640338,-61.6500125027,-0.438738728647,-59.0132035002,-27.6909546181,-61.2112737741
27686000000,0,27315.0,-25.0742260581,2.50418001755,-61.560012484,-173.062334972,-28.6725663717,-27.5784060757,111.502322488
27687000000,0,27316.0,-25.1258464291,2.50263226988,-61.4700124653,-2.85208912103,-58.4515375313,-27.628478699,-58.6179233442
27688000000,0,27317.0,-25.1772188181,2.39654441954,-61.3800124465,-157.139919249,-31.4120323801,-27.5737632376,95.7599068023
27689000000,0,27318.0,-25.2283427181,2.347716908,-61.2900124278,-50.2517781428,-50.0558284251,-27.5760596261,-11.038234285
27690000000,0,27319.0,-25.2792176245,2.24378060792,-61.2000124091,-127.910668591,-36.3934803808,-27.5229982325,66.7106561818
27691000000,0,27320.0,-25.3298430353,2.21711430667,-61.1100123904,-28.0462179068,-53.8492200188,-27.546957342,-33.0637944836
27692000000,0,27321.0,-25.3802184508,2.05506061521,-61.0200123716,-174.785094123,-28.0278367558,-27.435279066,113.765081751
27693000000,0,27322.0,-25.4303433737,2.00156240434,-60.9300123529,-55.4939079513,-48.8264766372,-27.431905778,-5.43610440158
27694000000,0,27323.0,-25.4802173094,1.83015025655,-60.8400123342,-182.336991863,-26.4603546507,-27.310367566,121.496979528
27695000000,0,27324.0,-25.5298397657,1.79618563279,-60.7500123155,-35.8972517528,-52.0305256443,-27.3260253985,-24.8527605627
27696000000,0,27325.0,-25.5792102527,1.64612080267,-60.6600122967,-162.473398853,-29.7473723173,-27.2253310554,101.813386557
27697000000,0,27326.0,-25.6283282833,1.6233146963,-60.570012278,-25.1996922165,-53.7363639033,-27.2516429796,-35.3703200615
27698000000,0,27327.0,-25.6771933726,1.4773630269,-60.4800122593,-158.615507387,-30.2657602818,-27.1545563995,98.1354951282
27699000000,0,27328.0,-25.7258050384,1.47695974113,-60.3900122406,-0.124669040598,-57.996055676,-27.2027647795,-60.2653432
27700000000,0,27329.0,-25.7741628009,1.34632777265,-60.3000122218,-143.913334827,-32.7409009349,-27.1204905735,83.6133226054
27701000000,0,27330.0,-25.8222661828,1.35390328184,-60.2100122031,4.96974874579,-58.8073656315,-27.1761694646,-65.1797609489
27702000000,0,27331.0,-25.8701147093,1.21158856091,-60.1200121844,-155.947695584,-30.5413966587,-27.0817032702,95.8276833992
27703000000,0,27332.0,-25.9177079083,1.21580988355,-60.0300121657,0.356790386535,-57.8963955595,-27.1335177919,-60.3868025522
27704000000,0,27333.0,-25.96504531,1.08694949307,-59.940012147,-142.895386193,-32.7361869506,-27.051994803,82.9553740464
27705000000,0,27334.0,-26.0121264471,1.0928410987,-59.8500121282,3.1393357316,-58.3007957413,-27.1049675458,-62.9893478598
27706000000,0,27335.0,-26.058950855,0.950688521144,-59.7600121095,-156.555139942,-30.2467705907,-27.0096393762,96.795127833
27707000000,0,27336.0,-26.1055180717,0.950321342168,-59.6700120908,-0.212620499664,-57.5986084623,-27.0558394138,-59.4573915911
27708000000,0,27337.0,-26.1518276374,0.821106015615,-59.5800120721,-143.89273051,-32.3612980035,-26.972933653,84.3127184383
27709000000,0,27338.0,-26.1978790951,0.822685137264,-59.4900120533,-0.34992688646,-57.4816612621,-27.0205642324,-59.1400851669
27710000000,0,27339.0,-26.2436719903,0.693783083213,-59.4000120346,-143.950595769,-32.2578608966,-26.9374550735,84.5505837344
27711000000,0,27340.0,-26.2892058711,0.693435754101,-59.3100120159,-0.195974367312,-57.4109276917,-26.9826416252,-59.1140376486
27712000000,0,27341.0,-26.334480288,0.550431401187,-59.2200119972,-158.661600454,-29.5671853373,-26.8849116892,99.441588457
27713000000,0,27342.0,-26.3794947943,0.550385861592,-59.1300119784,-5.01058861865,-56.447117987,-26.9298806559,-54.1194233598
27714000000,0,27343.0,-26.4242489456,0.419960750012,-59.0400119597,-145.69707219,-31.7274676164,-26.8442096956,86.6570602305
27715000000,0,27344.0,-26.4687423002,0.419805996966,-58.950011941,-2.87115487387,-56.7169650528,-26.8885482971,-56.0788570671
27716000000,0,27345.0,-26.512974419,0.289830204636,-58.8600119223,-145.957347987,-31.5783595349,-26.8028046236,87.0973360652
27717000000,0,27346.0,-26.5569448654,0.287155898796,-58.7700119035,-6.74262955027,-55.9322739035,-26.8441007642,-52.0273823533
27718000000,0,27347.0,-26.6006532056,0.144064209596,-58.6800118848,-161.241572706,-28.7779624308,-26.7447174152,102.561560821
27719000000,0,27348.0,-26.644099008,0.135001583794,-58.5900118661,-12.6229720182,-54.7610981397,-26.7791005918,-45.9670398479
27720000000,0,27349.0,-26.6872818439,0.010091520902,-58.5000118474,-145.563611733,-31.400235386,-26.6973733648,87.0635998853
27721000000,0,27350.0,-26.7302012872,0.00384844717343,-58.4100118286,-9.49814876386,-55.19643808,-26.7340497343,-48.9118630648
27722000000,0,27351.0,-26.7728569141,-0.127553749633,-58.3200118099,-144.647607933,-31.437812624,-26.6453031645,86.3275961226
27723000000,0,27352.0,-26.8152483037,-0.136012087302,-58.2300117912,-12.4731179798,-54.5501245655,-26.6792362164,-45.7568938114
27724000000,0,27353.0,-26.8573750377,-0.276298450595,-58.1400117725,-154.866367648,-29.5107905425,-26.5810765871,96.7263558759
27725000000,0,27354.0,-26.8992367002,-0.305036803029,-58.0500117537,-32.4167747907,-50.8894682562,-26.5941998972,-25.6332369631
27726000000,0,27355.0,-26.9408328781,-0.455154134672,-57.960011735,-164.54492555,-27.6236473327,-26.4856787435,106.584913815
27727000000,0,27356.0,-26.9821631609,-0.478091415536,-57.8700117163,-27.0429128718,-51.6386647078,-26.5040717454,-30.8270988445
27728000000,0,27357.0,-27.0232271406,-0.609089982621,-57.7800116976,-145.807499524,-30.737664905,-26.414137158,88.0274878262
27729000000,0,27358.0,-27.064024412,-0.62411638479,-57.6900116789,-18.820931557,-52.9302681415,-26.4399080272,-38.8690801218
27730000000,0,27359.0,-27.1045545724,-0.764863813248,-57.6000116601,-154.052575588,-29.1372785833,-26.3396907591,96.4525639275
27731000000,0,27360.0,-27.1448172217,-0.780286970136,-57.5100116414,-19.434451627,-52.6602137755,-26.3645302516,-38.0755600144
27732000000,0,27361.0,-27.1848119627,-0.903786925692,-57.4200116227,-138.269513395,-31.7581351172,-26.281025037,80.849501772
27733000000,0,27362.0,-27.2245384006,-0.914694694973,-57.330011604,-14.8724663,-53.3295683185,-26.3098437056,-42.457545304
27734000000,0,27363.0,-27.2639961432,-1.04756692639,-57.2400115852,-148.561919625,-29.8176148466,-26.2164292168,91.32190804
27735000000,0,27364.0,-27.3031848012,-1.0618817722,-57.1500115665,-18.4258892437,-52.5583371973,-26.241303029,-38.7241223228
27736000000,0,27365.0,-27.3421039878,-1.18137986257,-57.0600115478,-134.060276115,-32.2199889499,-26.1607241253,77.0002645673
27737000000,0,27366.0,-27.3807533189,-1.19204089264,-56.9700115291,-14.7884801517,-53.0699808894,-26.1887124263,-42.1815313774
27738000000,0,27367.0,-27.419132413,-1.31880664832,-56.8800115103,-144.306068972,-30.2949301936,-26.1003257647,87.4260574615
27739000000,0,27368.0,-27.4572408913,-1.33335212527,-56.7900114916,-18.7387645098,-52.2359718151,-26.1238887661,-38.0512469818
27740000000,0,27369.0,-27.4950783778,-1.44937917112,-56.7000114729,-129.91587307,-32.6797354196,-26.0456992067,73.2158615973
27742000000,0,27370.0,-27.5326444989,-1.46022564759,-56.6100114542,-15.1185666342,-52.746567553,-26.0724188513,-41.4914448199
27742000000,0,27371.0,-27.569938884,-1.57327335291,-56.5200114354,-127.975914442,-32.9013261862,-25.996665531,71.4559030067
27743000000,0,27372.0,-27.6069611648,-1.58567466142,-56.4300114167,-16.770688989,-52.3375591751,-26.0212865034,-39.6593224277
27744000000,0,27373.0,-27.6437109761,-1.7057199703,-56.340011398,-138.143414791,-30.9929407071,-25.9379910058,81.8034033932
27745000000,0,27374.0,-27.6801879552,-1.73454014394,-56.2500113793,-32.8929692646,-49.3602607021,-25.9456478112,-23.3570421147
27749000000,0,27375.0,-27.7163917419,-1.86231471207,-56.1600113605,-145.736256557,-29.4898666858,-25.8540770299,89.5762451965
27749000000,0,27376.0,-27.7523219791,-1.88860237938,-56.0700113418,-30.6744977668,-49.5730493406,-25.8637195997,-25.395513575
27749000000,0,27377.0,-27.7879783121,-2.00014781248,-55.9800113231,-129.860175016,-32.1137271519,-25.7878304996,73.8801636924
27749000000,0,27378.0,-27.8233603889,-2.02095164896,-55.8900113044,-24.9890765218,-50.4269187937,-25.8024087399,-30.9009347826
27749000000,0,27379.0,-27.8584678604,-2.14022586025,-55.8000112856,-137.711590126,-30.5905262458,-25.7182420001,81.9115788406
27751000000,0,27380.0,-27.89330038,-2.16119948182,-55.7100112669,-25.2285886446,-50.2309898172,-25.7321008982,-30.4814226223
27755000000,0,27381.0,-27.9278576041,-2.26426882128,-55.6200112482,-121.263267797,-33.3344956936,-25.6635887828,65.643256549
27755000000,0,27382.0,-27.9621391915,-2.28036420285,-55.5300112295,-20.4960122885,-50.9377288501,-25.6817749886,-35.0339989409
27755000000,0,27383.0,-27.9961448038,-2.39217844273,-55.4400112108,-130.445110356,-31.5964855248,-25.6039663611,75.0050991456
27755000000,0,27384.0,-28.0298741055,-2.41054001957,-55.350011192,-22.7550955516,-50.4030486841,-25.6193340859,-32.5949156404
27756000000,0,27385.0,-28.0633267637,-2.50705302375,-55.2600111733,-115.027519838,-34.1727069017,-25.5562737399,59.7675086645
27757000000,0,27386.0,-28.0965024481,-2.52167032429,-55.1700111546,-19.1763808887,-50.9185656061,-25.5748321238,-35.9936302659
27758000000,0,27387.0,-28.1294008314,-2.61595452337,-55.0800111359,-113.248861969,-34.3769773173,-25.513446308,58.1688508329
27759000000,0,27388.0,-28.1620215889,-2.63498907549,-54.9900111171,-24.0326630379,-49.9561426859,-25.5270325134,-30.9573480792
27760000000,0,27389.0,-28.1943643986,-2.73634506202,-54.9000110984,-121.161126447,-32.8678727192,-25.4580193366,66.2611153488
27761000000,0,27390.0,-28.2264289413,-2.75361208401,-54.8100110797,-21.8824194977,-50.2053908254,-25.4728168573,-32.927591582
27762000000,0,27391.0,-28.2582149006,-2.84134109617,-54.720011061,-106.798047571,-35.2714739563,-25.4168738044,52.0780365097
27763000000,0,27392.0,-28.2897219626,-2.85882405561,-54.6300110422,-21.4538385572,-50.1756140136,-25.430897907,-33.176172485
27764000000,0,27393.0,-28.3209498166,-2.94481595631,-54.5400110235,-105.474640237,-35.3999315335,-25.3761338603,50.9346292137
27765000000,0,27394.0,-28.3518981542,-2.963564587,-54.4500110048,-23.7563272944,-49.6680493041,-25.3883335672,-30.6936837104
27766000000,0,27395.0,-28.38256667,-3.05826570878,-54.3600109861,-114.557523834,-33.6927882372,-25.3243009612,60.1975128481
27767000000,0,27396.0,-28.4129550613,-3.09430443996,-54.2700109673,-40.9254946546,-46.51842934,-25.3186506214,-13.3445163127
27768000000,0,27397.0,-28.4430630282,-3.19919343061,-54.1800109486,-124.315703301,-31.8178698755,-25.2438695976,70.1356923528
27769000000,0,27398.0,-28.4728902736,-3.23536527428,-54.0900109299,-40.1850837949,-46.4746485681,-25.2375249994,-13.904927135
27770000000,0,27399.0,-28.5024365031,-3.32522571652,-54.0000109112,-110.269382995,-34.1216572616,-25.1772107866,56.2693720843
27771000000,0,27400.0,-28.531701425,-3.35598153916,-53.9100108924,-35.4061742686,-47.1694392768,-25.1757198858,-18.5038366239
27772000000,0,27401.0,-28.5606847506,-3.45360949735,-53.8200108737,-117.371848068,-32.7282180152,-25.1070752532,63.5518371942
27773000000,0,27402.0,-28.5893861937,-3.48358039004,-53.730010855,-34.9373556427,-47.097824552,-25.1058058036,-18.7926552123
27774000000,0,27403.0,-28.6178054711,-3.56301234026,-53.6400108363,-98.9831126704,-35.8149917021,-25.0547931308,45.3431018341
27775000000,0,27404.0,-28.6459423023,-3.58694422807,-53.5500108176,-28.6382087288,-48.0841220516,-25.0589980742,-24.9118020888
27776000000,0,27405.0,-28.6737964097,-3.66191097649,-53.4600107988,-95.6609793349,-36.2885092596,-25.0118854332,42.2009685361
27777000000,0,27406.0,-28.7013675182,-3.6859956711,-53.3700107801,-28.740736747,-47.9586694993,-25.0153718471,-24.6292740331
27778000000,0,27407.0,-28.7286553558,-3.77024856902,-53.2800107614,-104.713568146,-34.5837810295,-24.9584067868,51.4335573847
27779000000,0,27408.0,-28.7556596532,-3.79424794598,-53.1900107427,-29.0560994234,-47.7780342229,-24.9614117073,-24.1339113192
27780000000,0,27409.0,-28.7823801439,-3.86177955099,-53.1000107239,-87.5713751214,-37.4782573311,-24.9206005929,34.4713643974
27781000000,0,27410.0,-28.8088165641,-3.92248502567,-53.0100107052,-65.3295767893,-41.284663914,-24.8863315384,12.3195660841
27782000000,0,27411.0,-28.8349686529,-3.99369086717,-52.9200106865,-91.6394834703,-36.5983783151,-24.8412777857,38.7194727838
27783000000,0,27412.0,-28.8608361522,-4.0153495889,-52.8300106678,-26.6127002299,-47.939328387,-24.8454865633,-26.2173104379
27784000000,0,27413.0,-28.8864188067,-4.09292487201,-52.740010649,-98.0602327519,-35.362931932,-24.7934939347,45.3202221029
27785000000,0,27414.0,-28.9117163639,-4.12172316393,-52.6500106303,-33.6179990786,-46.5884032447,-24.7899931999,-19.0320115517
27786000000,0,27415.0,-28.9367285741,-4.19841774947,-52.5600106116,-96.9979653046,-35.4206039357,-24.7383108246,44.437954693
27787000000,0,27416.0,-28.9614551905,-4.2251334032,-52.4700105929,-31.8069591196,-46.7793990871,-24.7363217873,-20.6630514732
27788000000,0,27417.0,-28.9858959691,-4.28623421382,-52.3800105741,-82.125038905,-37.9175474825,-24.6996617552,29.7450283309
27789000000,0,27418.0,-29.0100506685,-4.35221879058,-52.2900105554,-70.6818353584,-39.8260479991,-24.6578318779,18.391824803
27790000000,0,27419.0,-29.0339190505,-4.41761704177,-52.2000105367,-86.7858763646,-36.9271719557,-24.6163020087,34.5858658279
27791000000,0,27420.0,-29.0575008793,-4.48292048669,-52.110010518,-69.8675471828,-39.791450918,-24.5745803927,17.7575366649
27792000000,0,27421.0,-29.0807959224,-4.54466826892,-52.0200104992,-83.6212565216,-37.3081556544,-24.5361276535,31.6012460224
27793000000,0,27422.0,-29.1038039498,-4.6202133704,-51.9300104805,-80.2096218933,-37.7961956655,-24.4835905794,28.2796114128
27794000000,0,27423.0,-29.1265247344,-4.70598516749,-51.8400104618,-106.548392745,-33.0734611821,-24.4205395669,54.7083822829
27795000000,0,27424.0,-29.1489580519,-4.75206800668,-51.7500104431,-51.0061371724,-42.7104273459,-24.3968900453,-0.743873270624
27796000000,0,27425.0,-29.171103681,-4.83104957546,-51.6600104243,-98.4756742595,-34.3105265332,-24.3400541056,46.8156638352
27797000000,0,27426.0,-29.1929614031,-4.87268996389,-51.5700104056,-46.3630239811,-43.3556627116,-24.3202714392,-5.20698642456
27798000000,0,27427.0,-29.2145310025,-4.93444007921,-51.4800103869,-81.3716477689,-37.1596702873,-24.2800909232,29.891637382
27799000000,0,27428.0,-29.2358122662,-5.01027376807,-51.3900103682,-80.2813195592,-37.2390485327,-24.2255384981,28.891309191
27800000000,0,27429.0,-29.2568049842,-5.07556710882,-51.3000103495,-84.7698140689,-36.3626314993,-24.1812378754,33.4698037195
27801000000,0,27430.0,-29.2775089494,-5.14898666736,-51.2100103307,-77.932497815,-37.4482540461,-24.128522282,26.7224874843
27802000000,0,27431.0,-29.2979239574,-5.21916320145,-51.120010312,-89.8397226949,-35.2674934969,-24.0787607559,38.7197123829
27803000000,0,27432.0,-29.3180498067,-5.28847571592,-51.0300102933,-73.9621372204,-37.9370994874,-24.0295740908,22.9321269271
27804000000,0,27433.0,-29.3378862987,-5.34007417971,-50.9400102746,-72.060589451,-38.1978390627,-23.997812119,21.1205791765
27805000000,0,27434.0,-29.3574332376,-5.40827391616,-50.8500102558,-72.7106293499,-37.9837626249,-23.9491593214,21.8606190941
27806000000,0,27435.0,-29.3766904305,-5.46050470131,-50.7600102371,-72.2582797683,-37.9894547778,-23.9161857292,21.4982695312
27807000000,0,27436.0,-29.3956576873,-5.52998573581,-50.6700102184,-74.0961698413,-37.5648113952,-23.8656719515,23.4261596229
27808000000,0,27437.0,-29.4143348209,-5.57984722114,-50.5800101997,-70.1266068552,-38.1874957774,-23.8344875997,19.5465966555
27809000000,0,27438.0,-29.4327216468,-5.64967152916,-50.4900101809,-74.3965162155,-37.3367728747,-23.7830501176,23.9065060346
27810000000,0,27439.0,-29.4508179837,-5.69871231061,-50.4000101622,-69.0397194412,-38.2019938946,-23.752105673,18.639709279
27811000000,0,27440.0,-29.4686236528,-5.76906668221,-50.3100101435,-74.9618630383,-37.0609623325,-23.6995569706,24.6518528948
27812000000,0,27441.0,-29.4861384786,-5.82746910518,-50.2200101248,-78.2195023786,-36.4053268596,-23.6586693734,27.9994922538
27813000000,0,27442.0,-29.503362288,-5.89696134966,-50.130010106,-74.0779450589,-37.0212312502,-23.6064009384,23.9479349529
27814000000,0,27443.0,-29.5202949112,-5.94139680109,-50.0400100873,-64.0488713106,-38.7079250204,-23.5788981101,14.0088612233
27818000000,0,27444.0,-29.536936181,-6.01187299018,-49.9500100686,-74.957038455,-36.6944234931,-23.5250631909,25.0070283864
27818000000,0,27445.0,-29.5532859332,-6.05764010747,-49.8600100499,-65.4528307201,-38.2861693852,-23.4956458257,15.5928206702
27818000000,0,27446.0,-29.5693440064,-6.1309413401,-49.7700100311,-77.7848483644,-36.0182106168,-23.4384026663,28.0148383333
27818000000,0,27447.0,-29.585110242,-6.17610544788,-49.6800100124,-65.0188797737,-38.1792750757,-23.4090047942,15.3388697613
27819000000,0,27448.0,-29.6005844846,-6.26005173815,-49.5900099937,-88.5084954654,-33.9443503839,-23.3405327465,38.9184854717
27820000000,0,27449.0,-29.6157665814,-6.32863355996,-49.500009975,-88.9275577615,-33.7623021847,-23.2871330214,39.4275477865
27821000000,0,27450.0,-29.6306563825,-6.41956564671,-49.4100099562,-95.5664807475,-32.4551650157,-23.2110907358,46.1564707912
27822000000,0,27451.0,-29.645253741,-6.44650403193,-49.3200099375,-46.1181966007,-41.0482697847,-23.1987497091,-3.20181333679
27823000000,0,27452.0,-29.6595585128,-6.52890272201,-49.2300099188,-86.7886149852,-33.8153899257,-23.1306557908,37.5586050664
27824000000,0,27453.0,-29.6735705567,-6.59366163857,-49.1400099001,-83.4891090275,-34.2869842863,-23.0799089181,34.3490991274
27825000000,0,27454.0,-29.6872897345,-6.67604050392,-49.0500098814,-86.7375899465,-33.5844758275,-23.0112492306,37.6875800652
27826000000,0,27455.0,-29.7007159107,-6.72087711815,-48.9600098626,-63.7351565557,-37.5286274705,-22.9798387925,14.7751466931
27827000000,0,27456.0,-29.7138489528,-6.798974156,-48.8700098439,-82.3936504702,-34.1430151236,-22.9148747968,33.5236406263
27828000000,0,27457.0,-29.7266887313,-6.8404728106,-48.7800098252,-60.6612686154,-37.8703033834,-22.8862159207,11.8812587902
27829000000,0,27458.0,-29.7392351193,-6.91796380638,-48.6900098065,-81.8262849456,-34.0472542765,-22.8212713129,33.1362751392
27830000000,0,27459.0,-29.7514879931,-6.95665382921,-48.6000097877,-57.9017877033,-38.1610164122,-22.7948341639,9.30177791559
27831000000,0,27460.0,-29.7634472317,-7.03313751747,-48.510009769,-80.8339670961,-34.030272545,-22.7303097142,32.3239573271
27832000000,0,27461.0,-29.7751127171,-7.08051695904,-48.4200097503,-66.6294546703,-36.4313865712,-22.694595758,18.2094449201
27833000000,0,27462.0,-29.7864843341,-7.15422720774,-48.3300097316,-78.0608409255,-34.3117243261,-22.6322571264,29.7308311939
27834000000,0,27463.0,-29.7975619706,-7.18606109802,-48.2400097128,-50.8318424025,-39.0121456472,-22.6115008726,2.59183268966
27835000000,0,27464.0,-29.8083455172,-7.25989899281,-48.1500096941,-78.1133647657,-34.1248641971,-22.5484465244,29.9633550716
27836000000,0,27465.0,-29.8188348674,-7.29228044862,-48.0600096754,-51.485662588,-38.718357095,-22.5265544188,3.42565291264
27837000000,0,27466.0,-29.8290299178,-7.36801107763,-47.9700096567,-80.0280769112,-33.6066779655,-22.4610188401,32.0580672545
27838000000,0,27467.0,-29.8389305677,-7.39873872108,-47.8800096379,-49.9893735604,-38.7973617229,-22.4401918466,2.10936392247
27839000000,0,27468.0,-29.8485367194,-7.47500667063,-47.7900096192,-80.5433444828,-33.332634186,-22.3735300487,32.7533348635
27840000000,0,27469.0,-29.857848278,-7.50642398402,-47.7000096005,-50.2510822673,-38.5653404459,-22.351424294,2.55107266684
27841000000,0,27470.0,-29.8668651518,-7.5833603283,-47.6100095818,-81.1976466216,-33.0298973907,-22.2835048235,33.5876370398
27842000000,0,27471.0,-29.8755872517,-7.613972797,-47.520009563,-49.0289513097,-38.5904788589,-22.2616144547,1.50894174663
27843000000,0,27472.0,-29.8840144916,-7.69173725607,-47.4300095443,-81.9905668032,-32.7008686694,-22.1922772355,34.5605572588
27844000000,0,27473.0,-29.8921467883,-7.72116689349,-47.3400095256,-47.9461034807,-38.5898683765,-22.1709798948,0.606093955118
27848000000,0,27474.0,-29.8999840616,-7.79960348398,-47.2500095069,-82.605836566,-32.4016780419,-22.1003805776,35.3558270591
27848000000,0,27475.0,-29.9075262342,-7.83043157204,-47.1600094881,-48.6598931953,-38.2700120601,-22.0770946621,1.49988370719
27848000000,0,27476.0,-29.9147732315,-7.90975046195,-47.0700094694,-83.4546800662,-32.0556802698,-22.0050227695,36.3846705968
27848000000,0,27477.0,-29.9217249821,-7.94013612465,-46.9800094507,-47.5165785923,-38.2714530942,-21.9815888574,0.536569141615
27849000000,0,27478.0,-29.9283814173,-8.03050188696,-46.890009432,-94.5290081111,-29.9044296865,-21.8978795304,47.6389986791
27850000000,0,27479.0,-29.9347424715,-8.05903799787,-46.8000094133,-46.8183732983,-38.1770938808,-21.8757044737,0.0183638850162
27851000000,0,27480.0,-29.9408080819,-8.15302528626,-46.7100093945,-98.222704096,-29.0361873174,-21.7877827957,51.5126947015
27852000000,0,27481.0,-29.9465781886,-8.17227577541,-46.6200093758,-36.0338544597,-39.8509512369,-21.7743024132,-10.5861549161
27853000000,0,27482.0,-29.9520527347,-8.26244186481,-46.5300093571,-94.013724751,-29.5680344171,-21.6896108699,47.483715394
27854000000,0,27483.0,-29.9572316661,-8.27430877717,-46.4400093384,-29.5719128392,-40.7878693256,-21.6829228889,-16.8680964992
27855000000,0,27484.0,-29.9621149317,-8.35855481442,-46.3500093196,-88.0718259449,-30.4234883902,-21.6035601172,41.7218166253
27856000000,0,27485.0,-29.9667024833,-8.40222536912,-46.2600093009,-61.0223401656,-35.0605926286,-21.5644771142,14.7623308647
27857000000,0,27486.0,-29.9709942757,-8.48456186045,-46.1700092822,-86.1335386978,-30.5259409743,-21.4864324152,39.9635294156
27858000000,0,27487.0,-29.9749902664,-8.51104192311,-46.0800092635,-41.6892639005,-38.2279785858,-21.4639483433,-4.39074536297
27859000000,0,27488.0,-29.9786904161,-8.59060742372,-45.9900092447,-83.3396334801,-30.8105013079,-21.3880829924,37.3496242353
27860000000,0,27489.0,-29.9820946883,-8.61574480246,-45.900009226,-40.0661150463,-38.3095141105,-21.3663498858,-5.83389417969
27861000000,0,27490.0,-29.9852030492,-8.69586952603,-45.8100092073,-83.9274853181,-30.5041356005,-21.2893335232,38.1174761108
27862000000,0,27491.0,-29.9880154684,-8.7199279077,-45.7200091886,-39.3658792639,-38.2288122832,-21.2680875607,-6.3541299247
27863000000,0,27492.0,-29.9905319179,-8.7996988348,-45.6300091698,-83.5945153081,-30.358918228,-21.1908330831,37.9645061383
27864000000,0,27493.0,-29.9927523729,-8.82181936794,-45.5400091511,-37.8030169179,-38.3006005841,-21.170933005,-7.73699223323
27865000000,0,27494.0,-29.9946768117,-8.90140313429,-45.4500091324,-83.3782762046,-30.1949698877,-21.0932736774,37.9282670722
27866000000,0,27495.0,-29.996305215,-8.9225421199,-45.3600091137,-37.2670558622,-38.1931340381,-21.0737630951,-8.09295325147
27867000000,0,27496.0,-29.997637567,-9.00242264293,-45.2700090949,-83.6379576767,-29.9470862286,-20.995214924,38.3679485817
27868000000,0,27497.0,-29.9986738543,-9.02329154462,-45.1800090762,-37.1525333217,-38.0099992345,-20.9753823097,-8.0274757545
27869000000,0,27498.0,-29.9994140669,-9.10364793228,-45.0900090575,-84.0721854433,-29.6663124304,-20.8957661346,38.9821763858
27870000000,0,27499.0,-29.9998581974,-9.13714115422,-45.0000090388,-51.083301949,-35.3505680705,-20.8627170431,6.08329291019
27871000000,0,27500.0,-30.0000062413,-9.20005180758,-44.91000902,-66.6739360174,-32.5042403084,-20.7999544337,21.7639269973
27872000000,0,27501.0,-29.9998581973,-9.24596604295,-44.8200090013,-61.6707806803,-33.2813536728,-20.7538921544,16.850771679
27873000000,0,27502.0,-29.9994140669,-9.31096816855,-44.7300089826,-68.6500665341,-31.9333055457,-20.6884458983,23.9200575515
27874000000,0,27503.0,-29.9986738543,-9.35581588816,-44.6400089639,-61.1536733201,-33.1463988113,-20.6428579661,16.5136643563
27875000000,0,27504.0,-29.9976375669,-9.42031007847,-44.5500089452,-68.0226650432,-31.8174536431,-20.5773274885,23.4726560981
27876000000,0,27505.0,-29.996305215,-9.4645952527,-44.4600089264,-61.4634250661,-32.8669311956,-20.5317099623,17.0034161396
27877000000,0,27506.0,-29.9946768116,-9.52937655656,-44.3700089077,-68.2518897424,-31.5505061008,-20.4653002551,23.8818808347
27878000000,0,27507.0,-29.9927523729,-9.57317610771,-44.280008889,-61.2578694427,-32.6756813049,-20.4195762652,16.9778605537
27879000000,0,27508.0,-29.9905319178,-9.63814346677,-44.1900088703,-68.3959589003,-31.2968771345,-20.3523884511,24.2059500301
27880000000,0,27509.0,-29.9880154683,-9.6812867925,-44.1000088515,-60.4712453515,-32.5846009957,-20.3067286758,16.3712365
27881000000,0,27510.0,-29.9852030492,-9.74630563937,-44.0100088328,-68.4103286334,-31.064874024,-20.2388974098,24.4003198005
27882000000,0,27511.0,-29.9820946882,-9.78872032122,-43.9200088141,-59.6118620825,-32.5053351639,-20.193374367,15.6918532684
27883000000,0,27512.0,-29.9786904161,-9.85371152949,-43.8300087954,-68.345157156,-30.8460073741,-20.1249788866,24.5151483606
27884000000,0,27513.0,-29.9749902664,-9.89538836311,-43.7400087766,-58.7392750096,-32.4276440123,-20.0796019032,14.999266233
27885000000,0,27514.0,-29.9709942756,-9.96842830499,-43.6500087579,-76.4213050905,-29.1913872188,-20.0025659706,32.7712963326
27886000000,0,27515.0,-29.9667024832,-10.0250957607,-43.5600087392,-74.4498349732,-29.4133716938,-19.9416067225,30.8898262341
27887000000,0,27516.0,-29.9621149316,-10.131885328,-43.4700087205,-110.144487914,-22.9733831316,-19.8302296036,66.6744791934
27888000000,0,27517.0,-29.957231666,-10.1576966381,-43.3800087017,-42.7620337501,-34.6645574243,-19.7995350279,-0.617974951668
27889000000,0,27518.0,-29.9520527346,-10.2502754804,-43.290008683,-95.7331648906,-25.2330254488,-19.7017772542,52.4431562076
27890000000,0,27519.0,-29.9465781885,-10.2527891865,-43.2000086643,-18.3209897285,-38.7143459245,-19.693789002,-24.8790189358
27891000000,0,27520.0,-29.9408080818,-10.3362409757,-43.1100086456,-86.5681679996,-26.6315392266,-19.6045671061,43.458159354
27892000000,0,27521.0,-29.9347424714,-10.3557636404,-43.0200086268,-36.1680565537,-35.3676483586,-19.578978831,-6.85195207313
27893000000,0,27522.0,-29.9283814172,-10.4398026096,-42.9300086081,-87.1927505924,-26.2886753677,-19.4885788076,44.2627419843
27894000000,0,27523.0,-29.9217249819,-10.4697831641,-42.8400085894,-46.8809945782,-33.244751041,-19.4519418178,4.04098598884
27895000000,0,27524.0,-29.9147732313,-10.5329799861,-42.7500085707,-66.4337182954,-29.6940173916,-19.3817932453,23.6837097248
27896000000,0,27525.0,-29.907526234,-10.5731092965,-42.6600085519,-56.6714635463,-31.2994567131,-19.3344169375,14.0114549944
27897000000,0,27526.0,-29.8999840615,-10.6370236559,-42.5700085332,-67.1154215362,-29.336219441,-19.2629604056,24.545413003
27898000000,0,27527.0,-29.8921467881,-10.6750517096,-42.4800085145,-54.0637833413,-31.5184015163,-19.2170950785,11.5837748268
27899000000,0,27528.0,-29.8840144914,-10.7380344004,-42.3900084958,-66.084482562,-29.2805671495,-19.145980091,23.6944740662
27900000000,0,27529.0,-29.8755872515,-10.7750233088,-42.3000084771,-52.8286967888,-31.4991636561,-19.1005639427,10.5286883117
27901000000,0,27530.0,-29.8668651516,-10.8378849056,-42.2100084583,-65.9189658996,-29.0738361148,-19.0289802461,23.7089574413
27902000000,0,27531.0,-29.8578482778,-10.8742230317,-42.1200084396,-52.0425344824,-31.4008624226,-18.9836252462,9.92252604284
27903000000,0,27532.0,-29.8485367191,-10.9369526202,-42.0300084209,-65.7530650272,-28.8664804598,-18.911584099,23.7230566064
27907000000,0,27533.0,-29.8389305675,-10.9610752875,-41.9400084022,-39.7692208585,-33.3269400016,-18.87785528,-2.17078754365
27907000000,0,27534.0,-29.8290299176,-11.0477118632,-41.8500083834,-89.5531925746,-24.4538024257,-18.7813180544,47.7031841912
27909000000,0,27535.0,-29.8188348672,-11.0621120873,-41.7600083647,-30.5630152827,-34.690893678,-18.7567227798,-11.196993082
27909000000,0,27536.0,-29.8083455169,-11.1447731259,-41.670008346,-85.6809956578,-24.8927073055,-18.663572391,44.0109873118
27909000000,0,27537.0,-29.7975619704,-11.1576574897,-41.5800083273,-28.9706123084,-34.7335180905,-18.6399044806,-12.6093960189
27909000000,0,27538.0,-29.7864843339,-11.238656077,-41.4900083085,-84.0009224592,-24.9525078268,-18.5478282568,42.5109141507
27910000000,0,27539.0,-29.7751127168,-11.2509536959,-41.4000082898,-28.1983455908,-34.6348742106,-18.5241590209,-13.2016626991
27911000000,0,27540.0,-29.7634472314,-11.307920164,-41.3100082711,-60.060200169,-28.9384393912,-18.4555270674,18.7501918979
27912000000,0,27541.0,-29.7514879928,-11.3430896742,-41.2200082524,-50.3299592357,-30.5387233208,-18.4083983186,9.10995098338
27913000000,0,27542.0,-29.739235119,-11.4046638145,-41.1300082336,-64.4376609938,-27.9319049938,-18.3345713045,23.3076527601
27914000000,0,27543.0,-29.726688731,-11.4297710233,-41.0400082149,-40.0269059698,-32.1109587144,-18.2969177077,-1.01310224516
27915000000,0,27544.0,-29.7138489526,-11.5153834044,-40.9500081962,-88.3614090822,-23.4874588917,-18.1984655481,47.411400886
27916000000,0,27545.0,-29.7007159104,-11.5306781185,-40.8600081775,-30.5709911563,-33.508463735,-18.1700377919,-10.2890170212
